970 2703
800 385
855 958
4 751
184 332
904 106
83 408
502 105
377 187
86 935
895 25
545 741
934 186
113 270
354 487
158 597
554 728
142 345
392 466
230 566
140 855
434 628
844 738
756 151
224 597
226 329
278 112
201 586
146 159
76 676
99 103
571 685
832 467
941 227
63 783
780 88
532 271
899 329
676 726
367 133
578 964
137 173
892 209
821 219
734 105
288 708
41 265
224 39
452 635
176 463
396 695
550 186
46 309
633 907
688 362
176 9
748 698
326 437
327 132
149 799
756 617
208 378
316 251
668 64
407 44
444 794
909 362
614 499
537 382
115 477
372 127
228 196
302 760
532 870
739 871
703 885
382 601
339 629
191 508
531 115
806 957
695 497
370 814
435 34
261 632
631 617
337 130
669 769
657 825
499 743
469 678
456 902
281 459
905 846
160 366
676 15
736 717
804 359
202 690
776 765
652 958
805 35
695 772
310 45
851 144
562 472
874 582
17 920
590 879
898 876
39 689
406 193
102 901
775 708
399 503
590 926
131 874
916 424
316 137
500 704
618 431
450 918
126 560
320 167
327 625
697 578
535 294
802 5
722 129
207 337
301 870
327 77
411 555
267 527
531 129
381 122
916 400
292 541
99 825
44 545
359 717
765 842
842 178
859 486
172 381
690 510
397 694
469 793
245 151
693 265
107 737
290 953
572 877
360 88
161 444
753 637
482 589
236 23
698 166
114 631
388 618
463 856
350 277
639 836
30 841
898 599
222 554
421 968
45 478
11 911
158 135
732 646
142 125
306 906
422 264
814 356
410 547
339 507
713 138
589 114
519 444
99 762
351 661
904 297
409 771
288 757
717 729
812 89
922 124
62 93
270 597
876 848
4 299
265 273
902 947
542 716
154 789
201 573
710 774
911 638
736 600
130 916
375 599
226 374
135 592
319 450
104 497
159 149
109 128
769 799
721 179
706 498
651 648
339 58
583 920
142 358
606 924
222 48
59 894
483 17
654 566
269 406
218 334
293 965
929 53
26 374
190 573
357 278
412 623
917 518
519 854
938 547
765 548
786 542
732 523
73 723
718 135
91 291
23 244
192 843
416 643
570 819
384 636
919 157
562 835
579 163
653 238
318 510
785 769
680 863
819 745
611 636
340 401
396 744
181 57
648 247
22 278
650 16
372 660
856 773
390 427
436 422
241 684
2 706
32 869
326 468
748 276
625 156
934 299
673 904
416 68
611 138
208 828
843 544
136 67
742 679
747 680
859 18
270 18
435 388
238 77
758 615
630 213
138 314
485 412
423 105
931 676
715 784
737 885
493 716
388 243
80 964
339 666
837 178
637 839
561 304
621 219
706 827
71 320
385 493
960 110
27 934
895 290
751 41
607 766
403 1
419 435
743 291
31 871
89 95
18 472
239 512
114 570
632 963
246 594
742 631
253 495
665 445
626 702
480 693
262 456
652 64
138 746
144 866
52 619
555 474
166 471
78 718
264 753
615 223
381 807
590 831
478 468
278 657
429 709
214 531
503 803
911 166
218 11
526 523
378 571
270 656
231 339
881 458
849 734
441 665
65 328
413 557
784 79
343 684
453 316
560 43
339 902
451 704
490 941
127 729
718 379
19 192
837 343
287 842
788 154
776 897
45 260
707 448
642 397
804 272
310 733
8 902
927 444
892 626
650 353
475 277
483 560
321 616
624 79
127 473
737 800
460 424
706 432
854 311
560 639
267 190
450 754
474 131
274 292
574 235
565 2
851 460
216 897
195 743
857 616
721 840
481 409
797 808
107 861
20 647
134 204
615 118
841 471
400 427
936 66
719 948
280 336
393 668
950 104
329 484
455 348
620 840
479 159
638 911
839 250
932 101
574 808
940 664
465 312
873 593
493 309
589 863
962 476
731 716
805 333
823 553
60 879
298 635
873 485
253 27
734 332
827 801
260 658
745 616
136 896
775 590
655 714
551 112
610 217
298 669
216 830
395 10
507 257
549 938
860 267
664 38
10 796
428 82
545 723
8 46
137 507
284 945
909 163
349 609
423 688
889 532
395 751
33 171
864 854
5 69
652 896
686 531
451 363
514 929
14 742
883 364
424 818
344 787
454 658
399 55
40 951
666 320
91 357
189 10
653 699
502 115
430 268
249 555
274 191
58 45
187 553
389 14
764 68
838 839
341 245
674 745
363 613
342 603
878 452
557 198
80 726
274 742
946 604
675 957
343 326
676 596
167 494
225 790
673 365
105 296
548 757
816 814
484 383
790 184
351 718
302 664
757 347
692 861
327 447
653 754
596 305
250 245
616 576
204 793
756 798
762 735
473 139
474 848
370 801
78 945
63 629
476 149
663 419
218 126
705 38
85 273
175 944
754 96
407 939
943 213
546 203
654 717
362 830
847 361
20 96
781 43
303 172
414 481
677 351
787 243
474 193
594 133
890 130
964 953
253 909
827 265
42 579
462 171
870 868
873 942
855 778
234 848
532 351
312 186
156 736
323 199
127 95
234 69
438 542
705 790
317 915
430 114
141 656
788 234
556 305
231 528
67 945
639 65
918 118
961 174
136 938
965 57
490 821
679 939
834 593
100 701
73 322
163 535
19 250
187 198
486 255
794 927
464 22
670 106
106 410
329 467
720 231
497 527
496 529
246 803
854 762
563 358
323 919
802 277
783 800
456 195
771 703
95 205
906 471
107 243
36 202
300 268
85 610
711 313
765 432
700 507
575 286
405 583
534 968
430 561
114 754
830 279
82 410
48 603
412 321
125 24
16 564
36 725
130 837
919 711
924 895
528 517
729 639
786 888
568 955
421 11
736 301
662 720
202 729
849 959
223 219
410 839
175 339
272 876
866 445
703 421
832 58
528 291
693 546
788 797
951 238
300 476
529 324
160 289
678 103
718 581
738 287
95 516
597 29
781 358
239 804
737 93
646 954
422 449
924 568
306 943
697 293
607 25
165 786
773 595
44 613
617 880
711 625
654 803
381 602
368 615
421 585
867 66
262 102
303 387
89 454
676 654
951 425
831 482
905 63
528 627
710 271
753 229
845 631
313 452
461 878
905 579
357 813
671 282
924 109
443 134
313 130
134 709
265 698
374 745
402 952
684 908
25 313
596 64
156 820
921 233
538 249
649 877
769 888
592 727
556 485
613 890
65 585
34 283
928 840
538 923
110 844
157 916
229 754
413 885
379 134
73 189
588 959
94 639
848 399
260 866
427 953
615 296
379 448
160 310
490 581
687 639
565 95
144 661
641 188
19 183
455 662
403 340
213 928
895 132
293 626
757 163
480 358
542 127
798 304
729 386
608 573
539 791
207 909
116 825
727 828
572 608
968 106
737 581
387 102
394 832
541 46
67 529
540 743
201 347
648 759
385 503
860 89
650 429
620 5
219 638
484 551
344 400
657 422
70 808
291 685
787 816
479 16
239 213
222 968
632 111
581 950
533 136
195 742
269 30
144 398
370 615
882 459
956 824
301 70
798 213
873 623
488 54
342 687
164 718
884 444
833 678
596 134
65 604
113 61
428 93
656 504
565 210
518 225
127 683
312 243
591 567
582 959
218 266
964 848
713 330
369 427
606 369
697 878
717 253
249 277
757 38
80 14
691 405
965 542
140 962
458 391
898 936
907 954
155 47
954 269
207 236
911 306
175 258
565 219
430 359
881 832
66 198
279 288
586 559
327 632
869 267
483 192
798 180
51 388
12 902
362 57
238 289
899 380
208 276
321 705
947 766
571 737
722 878
923 378
231 670
306 563
715 853
336 7
881 347
952 699
311 541
243 600
318 753
615 325
546 332
893 99
875 536
752 526
442 786
916 102
99 441
65 249
212 632
637 126
750 327
968 682
143 458
406 93
51 215
248 257
326 891
578 517
126 813
841 935
883 681
546 841
136 491
528 925
50 337
506 127
70 788
18 294
953 124
647 840
213 313
69 452
264 414
243 233
141 72
696 76
14 803
132 523
299 561
84 441
806 639
40 959
521 810
778 545
87 376
555 202
925 619
962 543
462 964
727 726
893 117
900 355
596 645
778 189
708 190
362 933
662 214
629 310
80 861
355 715
101 280
891 397
671 908
959 228
932 818
769 778
955 636
614 517
162 810
357 548
285 370
695 139
511 912
368 98
938 786
758 435
269 432
140 925
510 550
238 683
266 839
767 304
35 459
822 165
876 749
743 267
853 882
506 25
878 252
152 145
907 35
378 418
532 550
627 301
32 411
145 667
969 737
803 950
739 877
594 420
760 836
463 668
744 595
504 792
630 892
70 27
789 813
849 338
707 537
775 675
124 637
674 552
554 18
520 414
545 394
69 535
33 222
713 684
54 3
661 468
353 122
761 868
408 508
466 923
361 316
92 454
513 18
809 113
535 250
820 90
142 529
107 721
74 644
74 81
293 939
511 228
385 560
938 709
818 413
968 903
364 624
241 688
275 33
25 151
460 949
101 132
763 564
801 121
89 498
366 792
212 965
745 574
84 179
527 213
472 747
118 301
115 652
191 387
210 648
64 515
317 107
602 409
568 41
949 57
533 314
520 396
685 68
280 400
925 620
560 690
84 620
74 749
913 163
641 38
878 693
936 348
37 438
480 125
426 412
77 637
86 87
63 427
607 613
793 614
332 499
332 70
580 826
307 151
604 647
169 711
704 864
800 20
638 681
731 89
897 36
733 747
795 676
481 188
743 753
121 149
599 198
231 567
548 331
614 870
905 899
768 625
125 129
474 606
493 349
258 303
665 917
371 202
258 970
891 672
195 546
472 221
487 879
381 787
389 51
565 357
660 421
533 145
16 579
530 247
781 269
802 319
876 346
418 734
523 52
771 894
561 652
968 294
691 32
956 584
287 32
614 561
607 156
48 355
486 895
489 124
197 654
327 723
344 52
917 458
792 162
719 521
480 361
544 515
264 144
374 640
433 210
586 488
90 85
498 782
719 276
315 844
336 360
81 382
745 649
356 176
267 343
70 855
731 907
326 493
327 497
223 160
9 423
815 413
363 104
833 478
832 145
27 330
462 762
928 255
111 387
785 560
143 165
597 213
546 104
450 477
21 127
280 578
337 653
489 391
914 224
477 307
577 58
7 262
908 467
362 85
568 703
883 854
956 621
761 643
707 174
449 21
624 943
517 108
591 245
336 727
8 52
836 567
467 44
342 6
647 537
516 481
96 764
815 924
703 230
122 628
430 708
52 159
898 33
848 603
336 928
904 861
338 82
877 586
399 172
292 871
573 39
421 266
874 51
698 773
515 329
536 13
405 262
264 880
119 312
285 198
16 1
117 189
730 126
547 540
949 805
749 968
54 203
384 446
383 734
55 877
884 849
308 155
233 602
873 622
892 222
141 494
608 787
12 368
554 435
205 198
442 295
426 245
762 702
727 65
840 358
319 311
884 119
280 552
961 76
308 96
831 441
389 636
11 793
255 934
644 425
296 140
667 399
649 904
531 578
271 839
169 275
562 298
88 808
437 412
245 516
213 325
529 204
726 620
217 770
825 502
899 795
189 103
765 788
20 544
199 712
117 906
499 451
851 589
654 130
431 464
911 90
366 74
944 926
817 43
835 818
108 901
822 260
200 925
363 294
56 596
37 556
618 738
801 66
626 215
346 372
275 103
719 254
645 743
227 309
543 507
213 677
396 331
482 861
635 257
513 506
87 587
472 347
255 112
521 618
48 239
304 564
528 181
322 805
100 527
290 337
898 295
650 644
426 113
407 892
265 53
856 315
222 80
901 480
722 242
522 919
447 479
469 788
58 820
935 129
224 89
187 79
43 322
235 954
483 837
418 575
551 326
741 100
849 468
957 769
335 925
502 647
435 129
788 273
274 180
554 201
477 241
170 779
488 139
51 81
416 722
471 521
402 477
561 532
212 655
126 649
466 352
888 464
60 926
115 349
705 333
561 448
122 707
86 275
785 760
436 454
71 658
37 859
684 266
903 605
11 685
88 638
30 826
586 43
774 714
169 86
529 952
888 335
764 943
17 727
80 369
317 807
161 173
967 301
497 642
479 408
193 39
726 907
197 418
753 626
298 580
596 611
958 334
465 618
810 931
908 615
766 712
195 894
511 589
790 72
386 506
802 538
476 29
296 683
779 4
419 519
448 177
108 849
716 93
184 182
40 91
771 453
903 706
26 146
10 831
299 551
798 954
819 902
401 512
607 815
597 159
943 391
485 502
729 949
513 224
65 812
962 210
640 237
531 366
878 486
38 532
458 469
165 383
828 353
832 868
544 227
781 575
247 568
590 735
202 548
810 17
139 524
688 168
688 765
835 949
78 275
442 861
845 947
370 840
300 488
550 714
835 131
479 358
70 566
806 378
325 508
920 20
372 537
160 78
72 373
276 298
691 766
872 967
840 86
375 652
303 69
338 539
473 577
860 613
503 292
184 872
298 906
100 591
543 37
31 337
713 571
935 786
793 354
580 937
779 147
411 854
563 853
468 874
828 202
82 698
563 706
113 155
759 761
708 348
538 342
126 308
147 251
438 453
479 763
643 886
84 339
691 429
876 348
769 724
310 756
222 33
713 102
363 566
453 334
769 336
809 107
385 38
306 713
449 1
785 581
108 207
492 532
57 964
205 185
245 482
796 918
763 621
266 271
506 648
322 877
432 368
464 229
329 31
833 481
886 277
757 42
93 522
593 948
260 569
142 948
362 573
273 827
129 385
495 507
635 596
11 542
247 540
785 235
218 457
404 583
745 306
879 876
456 270
401 40
111 909
576 15
832 500
728 261
766 861
113 503
912 61
617 492
121 279
269 525
74 593
423 803
310 780
259 810
705 132
119 841
447 305
72 519
532 815
852 919
527 185
654 819
494 748
5 212
589 783
210 329
943 425
378 909
587 115
933 520
517 766
338 962
942 755
33 305
713 124
437 31
349 376
258 866
925 250
691 747
49 100
896 443
660 694
610 18
738 520
44 588
814 152
118 869
139 119
343 576
567 111
113 272
22 970
721 142
705 513
832 636
190 748
604 605
951 438
224 748
465 888
929 611
338 83
525 509
894 164
287 30
714 310
273 814
55 729
648 782
792 947
188 4
481 502
427 766
82 665
798 564
251 185
864 377
315 139
942 468
526 377
506 89
235 877
198 371
36 618
606 538
126 165
739 918
594 66
405 801
652 153
433 386
892 962
610 665
644 418
850 875
762 434
673 267
252 177
895 370
521 742
2 917
846 199
411 484
225 2
905 90
353 760
407 165
502 109
339 445
86 364
489 488
492 83
42 748
370 349
689 471
546 655
605 549
93 497
116 952
817 830
399 390
378 777
141 945
36 887
330 148
525 589
762 710
319 74
819 488
968 57
731 26
15 333
606 629
900 82
730 613
162 280
533 198
552 774
58 38
97 926
889 221
317 604
48 464
503 586
752 521
397 89
630 147
104 284
461 100
424 846
206 255
777 385
65 556
690 837
321 615
472 143
111 838
148 316
667 382
690 651
396 501
180 442
510 416
795 210
322 87
378 936
858 5
185 751
498 595
117 914
654 889
821 787
873 13
235 453
567 846
773 498
42 652
495 298
907 161
433 716
345 650
454 303
575 139
152 808
617 846
872 535
517 441
820 415
490 467
734 317
475 16
475 711
377 597
105 243
322 964
862 129
564 666
278 891
580 100
801 164
195 597
99 634
778 604
428 67
374 728
551 826
826 832
351 239
482 10
728 899
89 404
715 655
661 455
720 141
885 558
835 675
913 224
657 702
809 585
457 892
537 135
934 210
248 87
782 276
136 923
970 233
59 187
862 27
918 759
722 268
99 54
379 684
142 51
1 8
898 310
77 936
150 527
795 383
463 942
119 237
412 376
802 263
643 492
293 656
302 679
660 311
85 286
175 203
179 140
434 700
606 229
133 136
390 339
802 60
725 210
884 43
21 78
795 372
670 142
912 40
17 574
495 957
421 570
647 31
228 728
906 919
445 505
466 926
969 743
969 58
382 908
455 704
496 964
99 512
429 227
815 32
123 461
202 97
684 698
795 873
883 117
196 28
34 339
606 437
627 391
136 393
318 92
478 416
801 425
488 295
770 133
845 767
93 549
482 349
82 310
429 909
583 737
90 736
56 26
7 721
88 160
270 21
294 434
911 828
328 478
431 525
872 592
706 955
486 622
645 183
954 481
554 743
782 520
727 291
706 808
698 39
330 813
137 224
710 168
512 431
282 24
440 506
956 547
573 555
462 90
589 469
952 767
868 486
872 599
11 159
280 732
363 246
438 777
240 256
684 561
443 101
802 548
54 857
606 794
938 497
761 741
760 859
120 69
106 943
732 623
489 715
569 238
435 886
809 831
762 761
798 960
952 450
728 563
675 729
488 725
825 18
424 917
903 126
531 279
860 167
522 360
116 855
325 748
163 958
899 232
169 880
746 349
268 393
880 177
345 131
442 33
761 607
23 604
763 620
655 810
492 113
312 759
595 279
799 810
194 58
231 99
891 552
496 904
535 297
323 28
146 456
593 226
615 559
780 340
483 13
958 881
869 597
356 35
139 437
212 409
776 754
688 292
962 159
418 727
715 599
942 582
431 305
307 648
698 59
883 851
521 578
419 562
214 676
819 578
259 764
60 839
261 541
797 635
65 34
467 498
800 480
250 411
824 380
112 392
525 374
740 176
707 824
856 909
22 468
922 174
652 558
691 637
874 167
857 357
468 127
509 715
633 769
686 174
279 620
784 781
792 178
403 893
27 825
139 796
871 807
160 465
532 617
555 558
830 313
316 236
156 344
468 602
548 361
437 246
297 700
64 236
104 399
288 484
805 730
220 665
901 163
690 268
694 332
822 305
505 653
327 7
161 517
662 101
836 245
937 87
255 810
394 463
809 352
888 882
784 374
246 699
464 958
784 605
16 59
696 377
615 854
685 350
151 27
191 383
303 273
966 132
716 577
718 869
591 84
945 447
913 921
326 699
244 464
797 582
887 563
379 635
270 766
508 349
454 572
21 579
230 600
376 951
250 106
324 319
453 733
478 880
866 765
707 675
176 382
879 609
290 919
757 325
336 559
481 7
228 533
836 289
340 635
292 41
461 376
186 97
729 39
364 173
938 224
958 594
354 507
924 504
502 148
303 438
478 485
469 768
77 410
476 60
76 687
403 923
172 293
762 453
339 364
784 175
327 93
919 633
162 382
898 663
792 579
962 648
730 934
140 681
90 57
329 839
915 200
20 300
584 743
775 460
317 596
484 196
730 540
626 38
259 112
6 524
7 349
444 263
165 267
95 627
848 131
271 678
939 104
290 69
850 481
759 697
30 160
88 935
910 30
380 829
914 622
366 888
757 963
673 7
737 34
954 536
812 590
389 107
359 440
767 271
326 532
166 87
542 612
157 943
836 833
792 73
368 31
792 156
633 467
797 554
526 589
123 263
69 116
144 85
643 486
662 907
152 746
23 754
12 212
227 566
765 65
53 737
457 296
556 102
832 785
651 503
797 332
797 183
545 521
677 449
399 549
533 434
41 359
140 711
491 150
700 66
539 401
423 191
61 408
83 525
765 282
287 769
236 21
592 944
330 363
125 712
651 415
376 37
104 275
916 755
211 904
123 634
424 352
577 401
171 22
600 46
601 160
24 698
75 588
21 760
69 942
283 667
603 184
291 609
596 85
619 833
105 229
820 175
489 423
622 680
861 944
817 843
694 563
7 470
245 583
800 2
563 542
965 350
346 95
456 540
808 958
832 88
389 568
504 74
853 702
216 120
718 628
275 138
759 967
961 383
924 869
459 560
159 772
662 730
447 695
336 942
291 411
610 561
258 135
745 340
47 212
196 591
605 842
876 511
952 836
905 773
217 887
532 567
293 650
707 372
907 22
838 355
472 803
755 758
607 633
442 624
575 437
888 469
870 302
449 706
819 838
608 281
899 10
242 452
522 89
392 382
598 105
909 157
940 401
492 124
682 899
402 276
758 665
687 344
452 879
397 15
330 654
797 845
229 86
676 385
415 703
491 77
721 563
812 475
384 680
247 221
426 250
609 390
204 363
464 504
691 843
447 193
269 364
161 611
255 776
3 215
289 882
66 928
730 549
710 66
178 371
569 609
506 142
663 903
870 329
911 441
534 111
419 50
573 459
166 867
136 225
941 39
64 741
66 153
466 530
622 329
87 525
202 386
3 514
635 117
25 399
947 356
148 252
574 703
919 482
245 401
264 379
87 105
798 807
395 723
675 229
731 448
635 812
781 720
301 571
106 527
654 524
797 407
330 119
763 228
846 233
10 841
89 49
539 467
352 167
402 932
353 722
814 833
9 654
589 948
515 17
576 1
459 864
905 366
135 399
377 932
595 866
939 7
534 192
790 563
493 593
223 726
666 62
845 864
889 175
46 468
806 356
63 563
138 556
271 550
521 799
337 174
376 383
748 802
179 41
110 485
1 119
99 267
905 810
586 97
269 691
233 583
662 74
917 178
828 422
422 5
872 786
100 764
32 884
743 511
874 55
124 487
803 113
456 794
199 649
698 641
944 393
928 782
891 569
397 475
143 220
105 830
861 923
529 292
769 67
878 607
517 267
854 622
928 145
964 250
965 244
930 483
788 72
440 897
108 152
149 402
742 3
946 525
936 560
660 2
165 276
500 135
270 756
696 139
78 566
37 771
940 527
618 74
48 617
503 957
424 401
120 438
212 36
31 127
419 153
4 582
829 147
745 840
59 565
600 442
874 57
623 29
457 959
719 324
242 72
335 79
764 197
587 395
666 483
63 475
219 2
681 211
889 272
326 58
746 836
803 865
57 460
667 49
461 338
853 235
964 383
155 600
322 43
286 221
803 501
125 918
495 748
56 312
908 595
186 465
404 8
546 638
371 522
569 808
396 916
27 494
560 125
690 423
806 758
222 306
259 155
557 811
504 691
375 773
603 635
31 747
569 262
147 891
60 424
123 833
82 531
304 890
804 553
184 226
627 341
133 703
653 145
629 234
386 300
633 692
904 892
427 498
731 253
680 679
478 869
421 144
593 327
761 677
851 145
762 131
375 770
417 435
191 35
829 953
956 39
518 808
817 581
655 877
841 225
167 135
222 632
833 18
451 454
769 619
662 405
573 589
762 27
391 641
160 633
433 317
489 168
548 516
205 549
674 539
415 266
458 709
497 573
405 219
46 50
466 795
341 323
969 618
507 935
898 428
312 695
39 572
867 602
65 862
819 40
588 859
864 308
792 443
11 919
502 361
187 860
756 795
276 573
377 241
694 196
20 798
113 340
186 703
559 648
145 676
4 3
278 920
797 872
782 370
604 195
595 77
725 364
356 752
943 208
597 949
142 124
142 433
422 220
775 838
897 390
654 268
533 299
540 257
3 250
297 473
398 437
728 350
730 590
529 166
360 674
859 878
565 20
743 606
606 168
782 288
327 424
627 789
520 526
227 675
587 380
437 521
497 278
797 899
798 484
49 272
121 899
568 31
736 97
511 829
151 892
752 556
309 523
412 821
724 273
142 592
930 435
953 351
57 402
760 847
579 840
909 18
589 217
576 581
321 336
225 386
780 257
157 40
253 84
199 583
661 803
967 316
763 133
428 765
913 174
696 330
844 783
386 806
351 391
522 945
728 885
781 367
395 572
287 652
599 597
59 62
336 601
858 82
599 274
378 146
892 709
606 672
148 376
774 476
598 688
156 610
274 456
777 876
609 187
848 55
135 304
397 724
514 110
534 85
130 314
296 78
856 6
547 769
298 965
148 263
794 305
814 820
86 896
719 258
43 488
723 199
472 824
607 2
426 822
875 913
324 819
21 151
174 954
838 493
749 777
154 706
183 824
610 4
900 797
190 218
670 533
691 253
620 173
340 962
579 632
498 326
563 823
178 363
473 503
73 602
185 299
248 945
762 413
469 99
490 751
763 116
312 365
804 27
756 179
359 80
856 735
414 908
418 956
401 156
331 223
921 19
830 520
106 507
365 831
704 572
467 348
584 663
435 703
641 13
285 853
21 926
411 357
487 182
497 339
561 444
801 686
855 487
953 570
327 19
612 278
118 188
446 824
433 516
967 67
53 527
40 439
410 642
412 245
711 499
440 321
617 588
875 305
287 455
918 317
5 590
134 290
653 413
123 510
553 824
673 521
480 379
824 720
273 415
406 807
893 473
660 858
330 581
277 329
764 406
158 765
676 429
966 340
785 579
788 73
375 754
832 581
633 323
299 723
49 772
