820 1043
99 152
486 584
625 412
728 209
323 33
528 642
554 537
749 37
502 235
600 547
423 677
346 75
404 422
99 518
813 499
628 414
663 201
561 469
491 363
416 373
2 41
630 271
777 713
184 591
157 734
516 748
534 53
461 382
571 258
315 380
472 330
140 712
817 210
228 743
120 413
746 388
188 587
757 603
55 139
91 108
695 727
40 607
89 711
675 671
371 217
498 440
816 378
100 2
423 555
802 110
599 434
401 591
606 667
311 177
487 93
227 684
559 270
102 646
562 299
469 60
244 148
182 624
499 768
662 385
194 294
89 472
397 384
747 624
179 529
386 252
522 808
528 137
552 21
572 284
431 225
568 409
593 707
490 795
153 769
492 752
809 645
6 273
690 614
193 671
789 79
585 52
753 181
173 816
576 236
801 717
756 444
456 668
145 93
436 330
110 148
263 310
221 495
544 24
287 97
762 181
500 436
361 644
175 450
581 246
718 615
273 446
171 579
551 569
732 239
697 428
422 108
334 565
509 398
236 330
751 558
581 738
119 807
42 265
307 19
23 659
698 462
90 148
27 462
346 58
634 791
35 298
475 421
526 358
613 582
677 763
217 194
491 495
502 320
661 569
383 806
294 711
449 633
622 773
509 435
440 731
500 798
803 757
581 558
362 334
26 267
415 378
496 655
420 52
73 56
772 203
570 50
820 461
376 478
80 792
553 718
442 641
304 196
436 693
663 523
99 810
681 658
468 554
741 399
367 434
718 628
89 808
730 806
89 497
366 616
415 298
787 277
521 602
529 517
259 232
472 343
502 347
298 354
806 187
439 430
88 397
795 456
385 746
265 696
626 570
688 461
308 610
564 795
93 795
710 467
800 309
706 92
342 716
749 26
777 9
538 734
379 223
389 86
783 264
600 171
562 74
294 431
276 596
543 417
321 738
275 809
278 555
390 573
6 587
535 363
592 52
609 612
172 472
115 184
393 541
652 753
221 355
83 220
621 20
809 787
272 178
51 414
500 592
569 682
603 570
23 45
467 499
161 812
68 40
625 231
566 485
536 612
735 251
408 109
7 770
78 643
271 46
661 370
582 686
732 677
404 473
543 39
499 486
444 112
119 75
734 572
255 86
766 474
232 477
655 647
21 336
46 451
705 772
256 418
346 783
751 397
550 295
50 556
245 796
632 188
603 563
318 413
718 411
436 316
799 190
810 374
299 524
685 469
523 400
544 766
112 688
177 649
136 791
281 93
484 741
373 252
427 565
6 320
340 491
533 419
609 82
397 401
124 161
102 184
374 116
620 496
792 673
631 6
235 473
298 642
273 369
458 809
486 328
194 491
815 539
708 124
141 738
567 791
503 522
676 392
784 200
245 685
441 283
186 651
755 414
98 69
351 704
666 79
149 768
58 615
111 628
275 295
528 227
270 640
807 295
656 85
585 113
588 695
672 172
304 333
169 59
87 112
144 287
189 211
466 634
44 113
41 113
394 673
41 248
516 670
59 278
757 179
6 691
50 118
2 380
201 579
337 733
181 168
644 804
309 285
282 329
101 665
256 581
688 463
677 726
139 303
656 211
95 817
296 549
465 464
604 395
528 420
609 507
25 582
693 296
616 56
547 713
563 795
222 325
125 745
757 146
554 170
18 247
161 120
624 112
686 31
645 485
473 676
677 747
13 569
521 456
423 333
727 520
508 246
398 77
385 615
135 702
369 227
520 785
750 191
754 437
700 44
325 543
352 88
149 629
389 121
516 485
802 629
796 559
133 733
346 735
664 590
470 610
692 678
757 113
176 88
73 744
591 91
670 367
449 686
118 250
142 728
166 62
518 539
803 402
622 746
680 440
401 626
800 393
736 291
47 144
327 706
191 715
392 45
223 639
642 653
659 537
229 347
485 277
384 670
257 138
746 480
143 302
407 717
788 795
736 476
617 442
509 482
573 223
453 746
567 170
74 615
56 645
271 394
714 183
277 713
425 395
733 547
287 308
492 604
638 519
480 386
286 774
51 456
95 373
204 33
691 381
591 116
104 213
9 265
436 43
116 288
516 794
655 125
709 305
524 317
17 621
440 395
712 656
301 708
507 214
292 576
623 699
800 32
126 79
465 681
427 382
401 645
328 348
74 269
543 368
96 748
749 23
409 718
555 302
751 457
211 604
622 509
447 737
448 641
55 682
733 705
238 580
408 47
372 733
368 379
18 115
717 415
719 324
466 373
278 355
712 663
705 304
346 246
599 428
5 527
302 526
405 139
86 161
383 181
732 248
175 325
381 129
740 146
232 587
562 571
300 486
777 604
713 499
796 655
260 44
433 399
532 134
151 673
611 90
142 727
306 352
458 593
487 717
807 249
722 679
591 235
201 427
799 600
103 266
330 32
637 164
394 530
488 708
529 155
773 330
504 743
183 508
422 614
707 683
430 781
800 258
114 183
218 133
448 671
486 379
770 324
68 310
323 696
477 81
676 423
554 294
788 371
803 109
254 201
600 666
447 780
754 464
772 247
512 592
437 456
339 22
608 580
59 309
443 233
398 808
205 584
176 720
558 191
204 686
43 168
303 446
193 34
518 510
154 311
703 185
680 443
11 300
289 809
40 491
200 192
119 360
414 221
172 486
803 139
243 537
585 766
559 686
310 237
532 509
181 32
756 757
676 47
581 647
326 620
385 801
441 45
120 216
523 155
591 594
397 702
186 12
579 102
462 610
164 470
432 529
105 61
228 700
39 704
17 764
677 235
21 118
433 737
56 495
387 85
157 374
515 639
158 49
711 369
752 51
94 790
281 680
242 554
786 665
344 188
364 537
408 453
729 544
756 800
23 52
61 225
161 265
271 419
739 112
601 232
488 474
152 447
655 556
720 592
400 170
346 801
709 145
790 719
118 473
698 681
747 605
395 320
168 49
181 233
571 45
110 367
252 238
77 41
154 528
798 345
85 359
376 522
630 416
253 486
254 460
110 337
578 742
399 185
148 459
769 144
552 256
780 6
548 795
582 254
364 69
191 699
38 258
644 323
310 774
586 426
581 183
481 510
808 431
717 349
772 701
316 434
441 176
178 54
25 817
697 132
337 7
408 379
167 717
787 763
98 353
469 803
82 560
345 411
633 430
725 741
405 100
153 34
675 378
815 37
705 254
173 130
594 240
317 798
685 586
717 36
667 601
105 150
416 414
370 752
776 733
188 596
60 571
489 255
685 222
402 197
771 495
215 504
202 380
755 510
815 204
452 481
290 166
614 333
374 598
277 481
193 39
328 151
492 646
257 527
640 689
367 267
318 42
275 556
546 56
527 379
3 507
88 541
127 210
139 200
651 159
178 563
800 466
666 681
688 796
455 140
132 492
489 369
304 239
548 66
752 88
375 562
190 511
498 515
551 527
167 303
2 584
75 116
247 65
683 278
385 209
384 166
123 113
237 63
467 77
317 78
331 711
705 11
584 91
422 720
591 266
312 456
455 776
75 190
331 645
458 775
336 318
162 245
286 215
107 566
482 458
620 722
813 103
529 118
788 390
488 438
377 162
810 155
175 782
542 652
43 294
565 56
46 267
6 452
12 175
251 542
718 412
100 408
31 720
243 762
709 488
475 198
569 39
392 690
63 2
220 621
375 312
807 727
128 156
737 546
281 676
102 676
68 226
697 255
773 274
468 94
676 749
572 274
609 147
740 665
297 460
433 556
690 511
400 117
787 394
358 666
364 457
283 323
133 4
338 611
127 420
456 203
68 412
40 547
79 513
47 220
404 387
88 108
476 666
582 687
481 435
397 171
277 153
664 627
187 820
664 814
429 430
357 679
157 117
796 552
408 793
122 60
29 813
512 265
489 229
595 138
90 358
187 483
411 758
705 521
299 263
532 214
110 62
526 269
693 515
820 445
389 794
433 121
147 22
113 279
800 477
634 268
103 802
188 440
273 346
10 807
180 566
790 695
526 464
220 189
122 583
110 231
203 515
176 215
276 256
666 136
640 395
657 65
645 250
329 337
319 121
429 286
187 607
42 125
640 40
787 299
756 816
197 62
354 304
7 429
450 368
33 442
301 409
143 181
471 264
655 567
450 140
571 350
351 441
80 569
621 692
303 442
422 39
32 737
170 360
536 672
683 763
400 758
29 660
543 581
438 212
323 107
341 264
668 738
817 67
452 502
562 553
355 151
599 684
804 810
111 568
99 163
466 441
557 274
113 779
67 531
792 154
73 700
321 463
18 253
242 230
392 788
158 103
757 629
299 638
2 531
255 50
163 684
105 245
56 251
41 707
508 214
686 269
278 435
97 787
333 477
8 731
405 583
64 93
467 287
638 202
367 123
428 148
126 271
444 587
236 768
15 596
624 116
592 555
753 191
71 629
226 793
283 319
43 556
369 17
144 551
46 747
346 166
576 399
617 724
313 307
258 523
110 635
776 266
518 768
134 689
706 305
300 424
49 722
168 3
617 430
726 29
26 225
650 40
221 586
629 226
51 155
672 103
772 629
535 629
408 527
26 554
234 122
61 14
102 620
251 630
689 306
639 797
47 802
318 135
367 288
27 614
34 202
809 202
711 414
153 763
384 618
151 219
464 243
456 720
152 394
209 626
144 464
483 323
293 363
742 513
443 204
379 45
582 642
607 410
164 2
721 497
545 52
290 638
619 682
558 386
132 211
643 383
592 797
504 410
391 660
62 266
725 74
307 611
500 392
597 554
440 64
515 644
768 631
96 490
