1000 9887
413 28
43 201
18 428
534 556
259 938
167 13
372 765
730 971
108 555
80 12
833 450
336 166
246 697
686 842
302 895
52 98
716 441
592 119
995 370
931 668
911 80
308 443
381 859
223 485
481 601
685 442
104 416
251 179
238 943
260 539
703 355
378 50
161 536
539 809
924 483
326 461
934 780
347 994
919 184
784 741
877 872
841 404
545 504
351 378
415 286
150 89
577 291
481 118
373 128
344 954
628 650
663 405
406 166
407 731
163 431
224 79
442 250
651 450
27 556
55 983
296 603
874 40
547 438
881 892
975 298
499 229
941 390
745 285
102 898
655 680
768 836
772 884
387 834
484 198
253 415
458 409
926 4
565 716
829 839
8 567
869 70
428 396
460 255
694 915
733 695
937 766
332 240
575 180
940 503
628 272
835 219
104 111
700 843
402 898
234 947
441 856
650 172
190 125
964 524
143 425
695 748
938 99
482 295
457 778
319 680
143 478
955 944
612 44
339 515
981 944
428 976
804 991
696 192
790 670
916 973
744 844
862 252
535 718
682 398
131 156
26 490
923 104
541 473
438 663
866 82
710 879
580 964
999 786
602 584
344 888
491 251
870 517
945 466
304 472
667 581
978 666
250 465
187 480
831 779
376 768
687 311
28 752
231 987
771 776
64 644
390 449
166 184
841 858
111 758
944 451
989 333
674 295
432 134
955 306
778 217
337 127
18 934
860 333
2 539
794 623
542 129
711 762
324 658
16 739
552 949
587 394
60 936
985 597
674 298
441 779
815 665
907 738
747 995
750 70
475 548
114 476
138 956
530 490
566 468
750 49
881 390
699 757
320 402
561 756
484 653
602 488
363 468
716 80
184 321
192 732
671 204
878 581
714 625
311 733
432 891
710 397
199 904
257 641
633 752
959 658
946 303
417 987
839 184
257 588
184 526
634 10
216 29
36 911
840 645
14 726
435 447
93 167
700 497
459 517
83 497
636 707
585 855
231 293
36 891
926 998
514 569
261 781
851 101
12 241
491 914
220 76
863 926
427 682
562 163
344 656
309 642
79 296
603 674
662 377
6 253
779 63
103 487
548 565
828 960
962 590
382 793
391 834
841 603
404 447
982 598
261 338
987 824
911 296
180 294
552 913
993 737
545 312
569 434
734 788
418 478
366 504
721 159
481 850
68 693
941 914
543 610
587 562
494 198
514 389
274 129
441 656
962 50
138 592
911 127
678 862
593 374
887 76
411 937
744 885
449 143
769 892
520 422
518 593
874 863
175 22
748 180
765 882
576 973
190 625
814 102
843 345
93 282
535 359
575 823
939 714
541 562
196 517
862 470
870 973
691 202
804 427
420 476
995 576
17 561
537 353
889 182
758 976
684 259
432 96
914 840
867 399
42 995
758 579
45 236
304 42
729 895
73 739
901 563
376 940
909 724
732 473
846 81
726 186
688 31
7 193
279 956
204 305
828 859
11 403
450 145
6 678
347 283
740 210
741 103
56 247
309 203
132 308
831 74
246 702
392 153
873 960
761 807
463 683
481 723
835 284
327 384
268 952
249 484
930 619
491 355
809 778
368 502
356 543
308 730
146 205
334 466
666 564
388 274
937 127
846 649
73 321
107 177
804 745
366 574
297 361
201 827
120 708
27 912
356 972
912 186
399 900
537 547
524 879
597 815
653 385
165 691
870 888
887 954
620 791
17 265
257 181
296 717
244 3
980 922
379 812
907 858
713 28
435 770
20 668
334 52
944 472
319 416
127 583
685 111
154 969
543 81
376 857
555 527
197 550
827 339
831 315
518 179
42 648
629 724
507 396
199 466
436 896
664 419
114 38
42 283
425 401
512 23
566 350
454 548
679 85
99 223
243 551
941 986
747 919
789 614
994 728
646 305
83 811
321 98
892 255
950 987
936 341
991 229
189 171
748 990
105 868
829 379
902 745
340 152
378 87
252 636
36 689
352 614
169 80
120 514
891 799
365 368
610 253
807 565
41 174
338 472
106 588
640 806
74 46
37 186
956 64
593 890
151 422
636 696
583 355
349 105
957 362
80 994
836 525
879 474
936 484
763 660
969 53
291 1
752 2
11 303
513 448
53 803
202 47
372 195
263 108
746 48
159 175
915 709
988 21
681 939
79 452
617 805
102 943
285 325
893 912
395 269
489 442
648 162
940 139
96 372
349 606
712 213
225 592
890 918
176 188
93 601
372 528
120 489
103 672
558 997
508 80
627 26
573 960
650 111
890 855
661 993
810 596
781 856
758 166
74 940
251 787
890 586
1000 390
397 672
34 762
990 737
518 328
562 984
431 385
125 684
458 289
135 934
636 792
51 146
786 35
701 340
403 529
616 340
602 267
506 164
715 24
916 849
973 672
50 505
531 378
644 955
689 534
563 13
526 387
909 9
583 182
714 163
161 801
257 930
593 870
300 512
139 386
344 964
3 211
151 315
747 70
965 899
958 266
36 105
609 185
707 724
768 624
92 384
628 370
956 313
764 936
390 307
896 468
344 657
664 944
883 292
205 368
940 997
915 391
500 796
908 267
141 692
550 848
845 928
862 966
884 186
124 759
894 503
586 524
881 916
914 544
916 253
573 770
958 528
744 100
68 990
60 990
902 75
119 445
351 495
124 469
566 228
271 904
220 544
630 811
594 277
759 717
124 68
817 558
294 362
708 940
450 940
930 354
554 310
835 291
69 843
621 270
968 640
18 251
956 597
463 583
933 897
48 997
360 976
731 739
147 850
812 928
449 142
565 360
435 79
143 646
274 307
496 111
904 966
722 949
778 995
908 566
467 350
585 647
801 578
144 971
680 685
787 915
402 399
810 272
886 47
300 710
339 792
356 858
395 602
435 365
679 566
408 671
481 511
211 210
448 224
528 51
678 296
643 193
519 946
720 754
619 206
122 362
343 582
308 827
249 385
145 235
232 583
706 914
447 996
145 610
58 325
900 982
529 621
57 999
434 576
776 683
484 462
710 852
471 192
10 258
57 522
230 169
548 262
422 543
776 905
893 88
414 179
401 784
720 498
962 595
543 402
510 619
792 14
846 193
392 444
48 270
418 481
56 297
458 677
834 776
674 161
200 552
975 773
81 156
21 951
274 381
778 722
981 809
104 275
771 585
216 365
859 389
256 744
169 857
874 926
29 509
32 79
967 155
550 129
695 936
311 663
187 941
279 12
833 147
451 62
507 924
477 828
574 154
23 368
421 331
706 306
86 464
114 937
230 559
947 181
306 23
52 599
680 792
477 990
829 169
867 330
259 29
409 294
874 594
896 848
434 947
681 498
187 361
280 565
62 699
323 633
514 306
932 5
715 671
810 490
871 16
33 828
164 377
624 339
130 186
847 91
206 337
137 846
136 791
448 537
337 926
784 163
949 759
452 49
954 287
702 913
314 958
336 538
723 470
124 601
441 305
315 344
353 525
617 840
29 714
270 716
324 684
347 43
681 991
223 660
388 639
150 522
988 764
674 368
642 601
517 603
730 651
508 77
327 523
972 764
185 22
665 744
203 918
898 874
886 649
912 942
713 697
806 462
973 375
385 758
160 178
570 901
773 32
51 264
783 123
273 774
754 249
277 982
762 732
65 100
476 698
174 689
305 518
587 424
36 690
367 895
795 167
320 197
70 913
23 233
917 888
990 70
627 776
97 789
540 145
155 181
84 21
561 536
307 366
24 970
218 863
349 247
900 761
374 682
306 138
325 126
679 847
940 589
558 868
960 179
64 504
908 179
748 306
700 205
482 189
850 350
119 999
858 885
430 842
658 601
275 903
196 868
187 83
482 685
301 167
822 331
1 235
526 992
704 342
228 572
727 458
650 968
529 605
508 284
765 750
426 539
318 517
335 617
449 938
380 838
662 450
613 304
996 392
335 542
447 496
858 425
521 575
25 936
65 619
997 34
694 962
552 951
574 564
673 458
569 404
403 84
96 706
171 144
341 800
551 173
274 155
739 981
9 94
228 342
570 921
592 49
919 574
613 837
778 746
172 653
892 284
895 687
324 848
588 5
899 946
501 332
805 260
532 588
75 43
481 752
8 224
155 115
800 140
305 546
857 77
325 943
622 719
58 874
22 897
117 269
317 219
585 635
785 105
326 11
878 548
865 475
840 268
725 191
191 887
585 964
948 594
829 209
575 989
905 673
581 400
563 957
795 917
988 438
404 551
580 728
136 832
546 715
429 69
693 776
569 794
823 149
736 293
555 795
883 438
872 933
281 360
317 752
802 912
175 662
949 559
676 937
953 548
970 714
59 953
353 708
137 535
418 24
55 463
371 1000
872 579
969 941
430 691
16 547
950 58
877 204
789 104
889 724
671 372
327 578
699 855
204 271
884 345
485 306
752 791
699 964
538 586
447 202
483 190
859 267
554 311
829 623
540 742
869 382
677 523
15 180
660 831
190 906
764 507
855 940
346 652
242 493
672 244
30 994
416 818
661 836
463 868
429 596
729 118
89 471
218 757
882 556
296 151
728 206
724 319
156 675
857 986
966 148
383 98
813 639
84 77
861 787
218 791
718 644
476 311
166 607
789 927
188 227
448 784
781 114
602 945
698 688
625 624
221 101
118 663
547 397
992 317
16 67
932 113
320 438
370 752
98 579
323 574
456 25
183 94
441 427
757 373
281 210
409 901
393 520
750 998
392 384
186 81
923 700
873 505
194 969
825 638
985 548
438 443
920 166
24 411
333 175
855 302
659 515
271 713
3 795
889 752
450 380
334 636
253 361
128 504
38 607
579 457
542 223
781 957
90 134
769 353
940 270
617 175
411 760
163 703
406 829
831 116
262 689
854 447
531 904
471 613
204 96
550 320
195 639
285 25
238 963
902 624
607 868
199 44
757 578
460 472
905 317
321 934
926 18
492 73
44 898
799 754
322 520
655 382
108 121
718 966
165 974
807 531
791 32
813 978
88 245
558 880
348 703
884 537
630 13
633 799
425 674
286 765
272 27
457 17
420 99
665 590
306 374
932 6
516 453
331 649
282 511
525 401
486 119
895 409
699 354
719 111
740 83
858 769
675 461
224 554
508 394
988 156
424 608
576 262
559 583
763 1000
640 412
141 618
642 177
954 143
25 177
228 1000
708 402
512 685
231 743
629 944
228 895
154 582
197 548
128 85
437 213
665 370
133 716
617 105
858 325
931 403
353 781
95 638
591 613
115 340
812 406
797 486
191 43
798 65
35 162
77 944
298 943
284 334
507 127
125 932
427 350
527 419
534 822
237 59
458 440
366 289
307 181
972 129
423 635
946 548
401 89
723 746
133 418
328 226
142 144
737 538
369 958
361 432
960 359
535 312
986 827
776 345
136 760
28 446
670 885
398 600
274 538
369 664
500 326
447 857
468 292
362 355
143 780
349 103
704 26
858 963
585 777
76 900
58 651
79 346
256 691
999 66
861 125
488 947
58 493
166 976
708 359
876 685
665 86
632 57
225 485
931 337
979 701
376 998
103 589
531 516
569 697
823 444
125 870
333 345
191 79
341 958
12 882
15 445
787 332
42 509
518 20
564 410
766 805
414 565
753 359
185 876
132 270
778 280
972 371
288 4
307 864
894 996
199 214
274 43
517 253
481 533
88 881
346 681
844 408
496 246
632 834
887 26
967 98
236 232
950 852
331 132
994 476
243 976
211 525
124 642
250 60
364 68
916 851
667 479
524 636
961 190
100 616
16 299
640 917
408 645
463 161
834 471
211 560
286 682
930 994
571 552
535 461
316 389
987 953
636 734
344 966
346 201
412 775
16 88
434 715
160 579
715 678
20 624
775 640
299 222
304 291
76 831
810 769
685 147
278 811
281 245
546 571
598 864
214 661
966 644
223 521
418 934
807 355
421 817
741 652
46 678
413 865
694 274
167 323
457 613
31 992
888 252
385 369
314 329
423 409
779 936
200 336
953 374
247 362
736 598
584 438
821 439
713 534
931 427
544 990
82 575
411 543
677 883
105 486
262 881
824 372
807 85
593 73
81 381
259 237
322 97
103 932
643 873
147 118
60 685
460 215
735 855
160 251
569 145
697 452
881 423
665 870
632 751
209 610
804 899
17 311
710 62
630 405
702 38
960 641
482 93
873 660
588 953
181 637
40 895
829 417
740 716
710 492
236 99
733 749
257 738
644 10
807 622
151 285
973 834
373 918
179 197
252 789
36 858
330 123
884 518
577 426
698 699
948 567
733 295
540 329
762 201
653 38
641 550
35 275
2 120
610 389
6 656
478 621
547 396
306 290
679 999
991 913
652 113
895 373
257 223
242 567
353 886
447 708
768 717
626 657
438 9
558 494
29 740
139 108
414 38
167 858
828 624
261 401
245 930
893 86
430 716
256 63
737 458
149 300
794 563
284 581
772 946
973 111
594 356
595 581
635 624
599 917
376 653
954 812
996 167
68 488
651 836
102 550
419 948
587 578
608 423
440 25
740 172
925 494
640 354
364 712
755 425
78 702
544 270
686 953
484 753
755 325
209 590
653 565
564 112
895 614
861 690
807 812
743 690
667 340
529 376
731 703
769 861
153 668
939 525
808 624
236 71
623 693
300 676
136 733
437 568
528 591
268 458
514 494
681 103
735 828
663 179
558 991
796 848
666 324
49 334
272 171
908 24
72 776
14 943
589 733
291 102
149 908
743 84
546 752
49 40
286 303
876 571
839 705
684 646
335 998
286 190
876 586
859 691
989 357
495 236
776 984
262 199
488 886
125 127
570 476
552 703
558 373
618 416
927 832
710 592
180 763
181 174
932 554
147 498
445 745
997 12
245 823
46 952
160 615
969 585
389 566
682 532
4 568
920 929
337 817
637 230
15 344
916 405
518 65
55 117
761 998
557 485
389 115
428 543
34 177
4 862
498 855
229 965
472 838
181 866
207 742
668 276
742 653
602 16
360 923
553 588
221 966
854 522
99 54
428 972
657 926
364 191
625 98
623 491
904 49
251 448
70 772
967 14
814 391
563 133
344 205
877 285
799 614
545 515
984 29
17 170
580 855
796 948
231 241
399 997
148 667
884 749
429 206
912 40
896 685
73 124
201 55
767 733
701 866
577 700
675 283
583 386
883 476
990 384
3 406
701 723
206 179
563 750
50 999
513 453
568 792
348 192
901 854
315 265
284 888
102 979
504 318
396 590
223 869
262 163
671 13
487 924
626 552
664 885
931 387
423 500
794 760
204 700
10 171
376 999
346 195
756 266
595 908
55 523
108 945
216 747
158 242
203 551
129 920
466 502
369 670
467 922
565 861
512 71
217 711
513 818
109 305
626 157
328 552
556 880
498 232
851 852
393 108
485 510
416 219
74 939
826 410
649 419
630 64
564 266
782 321
765 663
700 986
706 528
735 176
807 871
277 1000
869 570
302 405
312 745
667 289
209 807
502 172
123 313
19 482
593 953
597 17
1 664
782 654
304 631
569 469
719 403
978 747
942 438
505 331
639 232
36 5
530 610
993 494
296 874
775 626
771 155
421 990
654 516
358 150
992 145
846 300
956 308
172 491
963 496
174 361
229 563
567 146
418 935
370 428
279 694
174 472
729 871
158 579
644 459
771 518
168 721
926 422
535 164
396 961
521 712
722 187
104 209
650 926
418 248
203 626
820 175
777 935
778 72
119 446
260 407
357 485
990 444
958 742
169 567
186 767
918 676
216 630
784 620
260 297
994 742
688 435
393 281
412 19
757 277
14 203
381 690
238 805
354 318
563 430
89 233
804 160
186 819
892 401
895 978
752 292
951 860
181 636
40 864
863 112
739 62
5 686
668 98
959 557
619 532
382 626
644 11
781 607
788 714
800 281
930 916
398 614
862 75
918 361
188 14
930 587
690 200
619 818
361 582
164 231
281 917
248 336
836 561
47 298
583 292
487 403
153 195
818 247
390 474
386 331
952 152
215 506
163 7
201 344
764 657
824 870
417 400
767 966
361 681
483 691
390 429
128 220
595 870
153 319
266 102
140 531
34 10
401 789
870 367
819 168
351 197
539 984
298 806
872 351
247 329
569 353
74 769
166 236
403 33
613 40
467 850
522 438
34 863
146 261
906 283
670 304
621 350
177 845
991 430
358 386
958 79
435 150
530 302
181 702
481 604
83 896
781 75
622 939
417 236
369 775
870 731
321 932
910 12
549 884
739 90
636 946
819 210
914 194
514 840
862 148
448 80
856 77
486 696
107 181
880 115
518 851
667 55
705 376
154 494
562 291
686 492
474 835
145 289
96 450
40 9
793 717
960 170
528 366
413 740
128 51
804 459
988 376
92 293
25 484
260 645
665 828
253 854
490 120
842 277
935 816
383 759
723 106
816 230
373 429
193 863
90 693
485 240
770 457
129 503
547 137
291 327
521 806
703 522
760 84
262 196
547 22
984 924
767 947
516 795
223 657
519 484
832 592
898 737
780 912
987 252
877 125
453 712
685 781
725 800
335 692
603 396
264 646
228 95
95 731
640 33
569 381
290 358
502 645
564 384
894 639
130 866
367 997
6 261
445 827
379 59
990 521
129 718
303 306
144 729
472 246
532 452
402 161
619 185
578 6
264 194
672 207
484 613
639 691
160 403
511 780
791 718
259 329
264 337
66 837
467 42
445 435
532 538
476 548
379 175
890 246
122 92
87 814
861 951
94 30
244 943
390 783
282 140
784 710
734 78
442 470
60 9
667 19
28 559
978 13
923 314
638 437
486 902
378 535
455 254
809 439
267 792
410 266
286 505
824 960
382 70
791 336
315 411
346 60
585 105
733 161
960 680
576 356
867 807
462 73
524 252
124 632
343 478
525 394
387 788
300 499
470 967
287 759
626 553
474 266
976 952
462 185
445 667
69 30
341 602
345 543
509 788
241 414
665 332
349 971
63 173
470 161
954 882
494 43
234 684
290 650
309 158
946 789
769 728
95 882
223 329
815 533
436 134
826 522
422 113
463 623
100 875
228 288
265 314
971 222
551 396
95 16
34 470
378 4
108 413
143 686
652 692
778 971
819 157
804 591
951 1000
662 613
158 247
965 732
841 454
681 45
611 172
761 287
28 412
602 553
457 94
724 4
230 325
726 606
258 8
515 573
120 879
358 153
20 626
408 468
119 964
483 872
157 679
859 565
701 282
435 721
275 932
167 594
444 513
876 636
254 184
132 906
629 852
297 865
249 536
90 540
381 43
254 779
182 36
898 493
574 61
927 994
335 590
323 910
451 69
826 123
243 167
486 262
252 175
299 577
314 454
940 150
65 628
211 946
540 340
497 225
940 293
711 618
234 256
52 229
418 475
472 11
122 609
468 597
177 800
787 475
536 217
798 908
703 461
388 118
32 456
894 774
971 295
221 924
792 498
481 567
407 299
544 339
728 496
733 853
570 555
165 245
973 542
601 151
89 427
696 253
145 137
240 9
673 983
192 940
134 835
282 853
178 162
969 693
45 658
153 574
32 995
804 321
291 878
832 26
524 832
616 737
357 529
66 734
495 903
760 492
443 40
227 977
862 692
951 432
258 415
50 989
896 517
948 966
733 120
6 944
651 301
689 242
176 907
763 961
395 107
414 405
491 514
760 860
591 255
439 866
426 591
634 606
708 441
381 207
326 720
977 328
85 631
675 129
159 496
202 853
276 60
538 651
833 777
725 779
82 767
609 534
48 435
871 573
659 629
660 154
494 112
299 2
858 287
589 135
795 738
69 259
392 271
176 422
479 516
267 625
533 374
593 427
5 205
893 408
345 226
899 721
406 931
227 194
906 491
531 719
341 86
386 599
943 361
530 190
127 458
626 279
501 257
304 835
467 401
486 607
213 253
51 206
142 187
436 412
937 209
578 274
222 772
499 992
959 576
511 309
711 35
610 210
536 753
559 159
818 807
142 469
202 64
701 122
204 694
888 607
390 947
945 424
356 969
981 249
845 975
607 368
645 595
297 509
460 927
433 237
718 534
47 15
44 449
428 754
323 562
755 624
2 973
150 189
499 461
617 530
870 204
690 32
477 414
595 39
79 382
559 576
653 443
284 712
942 774
595 148
998 243
512 672
675 44
126 174
119 579
447 472
244 208
664 138
183 498
451 435
850 845
46 958
786 741
197 690
703 888
530 273
599 176
368 587
756 726
261 38
267 669
42 407
446 447
777 216
122 921
855 883
400 840
713 782
275 231
21 983
360 925
714 756
180 168
866 411
460 360
265 366
322 329
285 627
342 908
382 681
333 572
557 935
818 745
503 443
553 364
383 193
476 549
493 641
921 720
815 180
727 132
530 68
696 292
199 819
188 580
169 484
978 626
939 760
947 149
396 668
700 491
738 18
421 710
245 2
847 166
637 768
452 748
572 173
921 355
157 849
286 623
325 11
440 859
165 594
828 767
405 419
167 437
853 549
73 499
718 413
699 48
463 258
607 731
547 215
361 456
343 455
664 601
920 451
381 112
337 343
194 760
68 193
504 347
163 175
644 907
391 967
487 926
972 574
241 524
868 767
181 412
445 666
176 177
141 877
314 291
266 398
432 922
108 843
967 1000
133 958
150 884
707 89
156 497
492 441
474 220
203 950
583 935
467 781
17 558
604 614
240 433
507 944
281 997
411 850
418 109
948 107
878 492
511 717
203 148
359 738
423 699
703 195
617 390
543 938
748 936
342 825
273 998
754 281
62 168
194 352
752 314
938 867
373 782
834 304
765 872
734 265
496 471
615 574
526 21
451 861
932 569
108 188
71 328
457 460
573 6
60 191
778 810
47 419
984 507
141 154
187 292
792 962
406 6
852 50
391 470
514 327
491 874
987 684
587 890
433 53
89 955
254 479
899 272
245 312
652 72
933 32
331 803
138 341
417 899
656 410
344 157
400 728
112 722
763 917
992 497
826 151
289 801
16 551
20 951
498 473
444 983
836 433
219 488
113 758
955 453
693 377
32 688
111 212
59 633
60 6
670 938
103 848
588 496
474 176
275 65
441 809
260 299
725 569
534 175
285 872
603 149
473 504
130 811
901 46
339 73
389 218
321 188
69 822
821 199
476 856
759 415
285 906
986 809
311 654
772 428
259 371
276 691
189 238
653 671
213 216
142 220
313 690
44 922
795 242
815 255
766 843
506 197
680 658
753 844
990 115
891 915
210 577
247 638
921 569
627 363
66 684
675 614
325 161
272 51
221 496
255 965
357 528
56 133
288 717
552 138
787 741
936 233
485 502
370 669
794 203
874 285
175 592
475 506
70 314
814 752
267 470
766 406
713 106
179 642
208 960
291 476
419 147
708 299
102 14
448 673
589 536
989 286
8 853
643 875
214 551
345 692
382 377
185 711
756 430
157 349
347 115
681 887
167 804
941 701
375 897
713 422
966 784
328 644
775 314
523 165
696 751
255 844
772 588
954 811
99 720
563 341
229 861
466 641
398 490
519 81
560 317
427 374
378 488
290 546
475 610
242 299
563 361
298 233
778 735
913 444
87 433
553 597
204 243
514 856
307 202
805 375
455 450
683 235
235 787
322 405
820 404
365 465
222 106
482 239
84 143
604 280
508 106
424 76
213 990
350 345
430 998
5 930
279 199
545 725
178 470
514 412
249 502
365 644
738 254
329 461
887 515
417 743
292 161
59 150
795 282
780 78
876 423
914 644
533 92
44 337
228 694
440 157
289 542
452 62
288 694
898 176
386 476
794 449
854 817
71 997
935 528
521 804
297 952
484 382
659 690
261 615
971 836
372 395
194 951
690 528
177 675
607 981
189 880
797 369
284 676
530 844
197 689
419 715
276 832
205 230
261 148
621 542
198 881
660 46
609 898
763 128
189 594
264 791
717 156
433 627
153 300
705 764
706 175
544 702
661 762
355 296
454 937
773 43
686 984
412 85
568 163
289 390
41 357
868 382
138 741
213 47
915 295
165 140
717 591
994 308
425 87
84 316
620 286
506 138
771 292
829 486
781 323
965 742
105 904
568 368
311 404
904 786
778 823
249 85
710 186
231 319
326 179
255 107
636 694
822 947
400 64
731 866
258 34
81 653
278 33
151 301
706 932
598 638
32 667
699 277
914 744
89 888
375 698
871 785
90 518
438 500
168 760
977 262
674 318
72 404
704 585
834 568
906 925
29 858
855 466
397 790
290 422
682 612
704 760
854 686
512 427
769 316
509 643
24 245
833 609
834 730
462 523
489 623
418 437
275 36
132 379
890 741
427 289
798 816
472 950
535 807
665 541
462 805
322 136
696 901
454 917
293 281
367 616
328 447
725 262
137 229
263 861
583 872
674 964
334 656
216 608
458 299
350 213
207 628
243 807
616 203
523 681
428 947
570 644
653 715
620 258
527 214
964 924
633 916
188 502
50 499
782 896
714 858
102 830
736 766
973 811
5 617
429 781
214 927
587 169
679 665
866 992
509 400
258 6
280 626
425 527
410 253
158 631
305 993
433 52
535 175
849 748
924 684
297 581
905 902
785 424
514 102
595 113
559 650
963 501
836 781
451 297
219 773
510 260
206 61
49 198
197 966
220 361
242 753
758 745
45 274
907 123
485 91
638 915
569 616
458 937
112 945
335 761
774 120
721 285
707 167
252 24
767 683
759 509
789 853
95 690
974 339
461 260
516 600
111 484
380 180
56 226
60 602
702 377
481 875
846 617
377 938
854 404
363 651
234 785
957 570
389 217
411 817
458 508
421 200
705 853
652 884
544 341
807 772
795 836
230 987
48 819
503 461
161 628
463 284
43 616
744 651
504 624
622 748
754 540
406 449
852 881
247 633
630 58
278 143
207 287
361 587
527 968
841 369
349 58
135 931
202 598
504 189
782 702
839 955
589 932
37 461
165 664
921 346
206 460
22 277
799 345
170 354
415 64
679 995
684 527
706 799
84 671
535 750
894 168
72 895
549 499
509 150
609 72
862 650
404 139
462 20
558 646
197 809
178 857
242 642
59 984
119 712
375 610
755 960
817 150
497 976
570 285
98 785
228 832
612 558
663 930
851 578
176 378
362 541
220 659
973 107
43 234
579 460
854 726
157 126
52 340
57 58
39 126
247 507
764 199
506 691
720 165
422 477
626 571
212 392
782 397
975 717
534 774
403 256
556 714
795 514
229 574
964 679
969 795
17 646
869 976
772 498
846 647
298 377
248 836
959 876
708 684
877 19
751 526
187 931
743 686
31 293
411 59
982 310
749 378
198 353
772 16
847 636
577 104
265 594
782 969
198 240
880 487
939 670
345 521
877 454
291 959
329 240
721 835
540 314
64 99
487 35
229 855
655 533
130 402
496 766
595 346
79 949
226 459
409 217
586 59
664 658
26 82
139 337
126 195
897 813
537 326
738 449
386 298
139 569
561 376
634 670
852 329
250 679
491 595
789 344
591 44
991 774
444 715
484 488
287 911
509 43
651 216
10 288
876 725
555 516
10 179
175 939
440 364
3 890
634 850
263 436
530 845
159 615
20 223
212 839
808 966
471 294
839 162
891 379
582 956
786 901
113 927
521 368
5 47
78 441
489 940
61 351
518 359
830 85
506 425
825 315
756 869
260 2
463 517
751 119
213 46
14 49
957 191
927 566
541 288
448 401
526 140
952 801
882 542
523 874
545 918
395 523
433 476
266 296
607 176
455 711
596 30
973 774
667 103
575 598
173 402
844 938
468 178
678 293
671 548
563 935
601 280
947 260
454 276
589 49
597 716
410 230
487 468
269 865
258 510
252 347
905 873
267 337
415 24
334 488
816 423
732 203
83 15
733 190
681 515
428 36
253 89
940 911
337 230
807 505
275 728
483 605
135 316
360 400
67 43
472 665
660 92
247 306
980 273
655 201
740 145
119 244
891 263
488 274
329 786
864 733
179 304
967 827
147 974
243 697
562 979
281 916
90 268
806 206
331 42
773 927
833 172
527 36
950 809
296 274
763 156
286 909
964 925
810 79
92 932
678 103
374 173
792 806
406 314
905 457
265 618
639 438
861 920
74 506
630 223
687 12
714 170
550 316
49 313
515 36
255 159
420 416
334 298
672 537
620 199
822 527
328 351
573 343
296 765
885 165
408 471
779 760
763 841
58 283
263 56
552 349
384 255
850 94
244 497
962 676
194 730
430 586
642 882
996 475
158 48
430 693
600 871
105 207
732 380
860 297
772 987
440 292
663 782
206 847
211 951
642 519
402 800
938 382
464 489
637 314
618 646
472 996
768 209
915 377
882 19
233 44
459 302
833 509
760 587
634 950
57 255
129 666
313 357
869 376
636 918
857 352
677 565
949 304
455 75
222 338
649 44
62 251
669 945
728 499
714 522
680 630
459 925
596 554
161 523
770 667
790 606
368 81
890 186
156 778
32 792
251 396
754 541
796 218
304 696
710 368
14 267
678 274
202 43
809 65
59 430
611 205
633 773
247 745
18 713
883 717
900 703
406 32
923 374
926 955
891 704
467 50
75 521
477 149
44 472
45 945
927 279
505 724
213 651
514 216
737 1
790 117
205 555
831 843
867 642
281 43
926 597
509 149
68 244
984 533
970 744
846 447
78 37
49 645
512 711
612 600
214 311
135 503
581 835
656 678
654 945
414 186
408 915
73 628
276 63
168 832
902 415
307 739
215 58
417 103
185 3
595 584
10 799
937 649
919 809
172 926
216 598
270 311
765 413
534 916
632 562
544 660
742 523
1000 438
484 879
378 502
285 717
644 407
739 787
868 245
872 240
321 158
708 542
34 573
860 881
700 926
437 544
190 936
619 726
661 753
313 611
614 975
812 899
373 851
986 954
308 674
402 347
496 386
908 977
231 490
456 528
202 252
481 419
210 547
319 962
635 270
490 307
970 249
184 718
114 819
68 706
706 559
785 196
624 108
127 11
265 84
81 679
626 212
948 647
184 812
225 128
26 83
870 880
344 562
571 309
185 754
865 80
429 119
942 204
693 842
732 224
244 153
831 764
249 612
419 286
348 360
422 931
82 444
232 465
231 541
987 323
290 17
370 323
922 474
20 105
594 434
522 215
480 638
318 370
284 678
587 775
15 310
111 153
333 431
707 126
547 713
803 595
562 248
203 911
555 178
369 411
212 951
455 110
620 838
99 351
317 268
324 980
952 85
259 643
204 130
722 707
742 646
284 106
51 273
288 109
345 108
290 951
187 849
463 516
818 533
105 876
773 971
334 787
83 529
692 189
179 98
786 70
813 927
117 306
944 850
541 464
670 748
929 566
400 164
2 360
437 855
496 317
571 514
718 855
865 289
739 344
729 338
912 158
753 628
957 354
26 4
980 197
359 136
371 326
282 477
893 725
418 813
168 566
991 980
282 332
528 108
124 517
675 495
733 189
736 143
379 695
245 579
301 817
429 380
638 234
675 124
987 318
381 3
54 107
789 236
524 335
250 922
896 238
972 569
662 453
167 793
208 342
45 445
525 627
896 157
309 504
612 743
793 267
377 101
410 893
823 897
233 822
52 414
180 331
536 35
204 369
224 543
837 963
364 623
381 583
60 784
833 528
427 291
583 580
604 609
237 136
865 935
259 634
920 672
355 965
786 889
700 983
901 88
795 973
228 300
530 995
289 416
471 920
19 267
441 605
260 231
801 461
678 21
130 535
810 149
151 143
464 985
601 40
19 489
147 540
666 628
795 152
118 113
997 964
430 429
74 507
170 534
342 760
322 876
767 418
324 370
715 719
383 341
404 558
71 760
562 201
176 788
653 286
126 24
876 924
22 439
595 115
962 818
271 880
84 756
839 644
620 461
168 583
421 827
7 54
104 581
696 539
893 987
343 510
71 943
337 193
637 470
856 1
909 679
324 473
53 776
897 167
918 607
25 796
778 226
536 400
114 132
262 930
211 950
161 93
694 929
878 194
220 568
901 265
273 532
42 475
355 912
535 895
315 571
488 271
252 504
824 233
950 633
316 541
963 766
87 430
90 382
588 209
826 554
479 64
134 549
799 993
191 476
449 21
565 207
347 754
593 766
385 977
481 676
726 946
734 345
331 166
443 608
317 135
139 875
302 293
911 661
678 128
754 538
65 327
106 637
857 803
2 336
230 129
856 989
79 802
154 407
943 149
838 469
697 875
311 335
334 660
409 195
466 500
191 993
729 394
657 421
487 398
453 10
606 960
616 884
927 278
396 350
880 953
510 31
598 791
231 794
618 148
831 771
413 942
896 392
418 964
898 92
281 324
395 508
660 320
382 380
723 288
85 711
858 505
237 524
388 132
160 182
149 310
651 924
194 961
806 760
798 108
566 216
694 909
613 770
384 792
132 430
703 977
413 387
894 580
950 682
488 363
695 705
132 204
118 599
356 290
549 541
778 685
672 184
212 737
711 249
804 941
255 653
916 563
539 392
795 802
482 123
778 572
619 614
840 921
779 336
415 605
822 381
921 760
938 806
303 1000
201 850
298 438
792 799
26 271
10 904
905 512
175 162
783 547
363 66
408 707
984 438
235 12
24 915
384 248
478 416
390 582
174 89
909 218
861 225
828 494
127 451
157 762
503 900
326 903
512 527
771 790
476 48
404 853
704 211
505 991
154 828
600 484
513 499
514 44
918 842
685 213
728 584
805 716
276 510
426 559
824 758
741 351
499 156
907 389
746 231
341 577
747 578
789 937
208 250
707 208
198 997
275 412
3 687
9 328
686 658
800 589
655 961
731 103
345 288
167 43
959 95
321 351
639 971
623 162
321 457
687 577
82 912
377 608
621 317
363 597
420 532
275 235
995 152
763 242
212 372
784 541
213 157
490 700
696 185
443 680
689 656
539 631
268 277
676 798
952 914
592 550
882 623
904 789
295 957
574 408
443 886
46 209
193 611
585 929
364 242
585 614
382 873
893 37
316 367
852 393
121 129
710 91
969 83
311 36
245 288
304 318
508 566
67 721
710 773
270 918
162 295
698 853
901 848
439 817
499 90
906 678
101 306
484 398
211 718
509 973
827 424
422 972
802 58
870 577
111 135
428 181
655 662
816 904
380 862
901 626
404 62
300 383
247 514
54 138
557 613
208 230
195 406
462 671
310 973
985 562
879 74
502 512
543 298
228 120
232 123
376 660
177 942
146 847
938 299
811 43
406 781
189 627
51 590
547 629
697 64
722 533
104 52
726 181
285 817
752 592
381 680
259 650
61 810
380 480
626 456
39 759
422 197
425 39
461 591
375 319
639 594
549 678
933 199
293 120
230 909
781 275
113 453
277 263
481 377
799 691
446 553
675 993
451 585
994 57
524 714
653 938
857 887
490 264
525 33
740 900
85 436
984 366
785 131
92 379
476 218
295 822
154 82
111 357
417 684
89 959
236 570
809 406
956 323
872 798
658 693
733 111
555 787
521 903
810 776
831 678
119 880
287 944
681 637
975 327
297 868
11 50
712 901
769 194
272 550
827 436
64 920
30 253
562 38
58 234
702 691
663 923
501 978
598 744
871 532
327 570
418 242
789 993
613 173
273 698
547 819
877 744
190 193
429 440
371 271
712 321
470 49
860 585
443 170
184 786
186 616
850 563
686 821
101 410
716 392
554 319
441 670
942 830
377 536
85 215
565 93
277 933
848 175
721 439
388 2
302 584
895 587
342 857
921 882
498 635
616 298
818 730
460 515
305 582
416 697
240 925
853 421
877 479
715 396
369 712
170 523
670 948
334 661
390 603
799 437
107 493
808 24
790 152
442 378
840 149
170 813
483 893
14 986
278 863
797 805
192 412
980 365
563 703
68 359
138 662
913 604
383 686
291 337
864 125
880 337
614 169
372 268
484 326
267 168
963 532
73 745
715 822
498 358
315 676
813 221
926 388
216 907
826 24
862 826
849 137
484 164
822 196
381 300
699 907
95 514
8 518
726 416
138 137
211 853
360 121
34 998
370 306
560 418
17 601
180 435
510 882
646 176
635 855
708 905
718 213
40 661
555 118
1000 455
507 841
808 666
237 480
98 830
740 393
441 627
982 474
559 927
237 369
166 183
403 739
856 309
765 955
644 70
488 158
919 348
795 210
140 575
848 861
240 953
645 444
114 990
795 67
64 247
762 18
523 976
729 203
349 234
278 174
463 102
737 477
988 455
455 514
378 765
605 330
349 396
406 189
301 41
866 126
476 49
542 724
434 541
210 244
799 92
976 813
99 820
742 30
564 842
837 314
992 445
608 567
873 110
410 756
486 427
966 993
436 884
627 155
258 928
634 849
466 575
828 881
227 530
859 173
327 659
493 167
593 121
812 285
336 238
835 196
801 84
927 764
627 294
371 735
649 392
743 920
377 615
138 911
216 419
255 578
934 411
209 530
243 207
587 325
215 540
18 56
44 37
846 742
428 971
947 845
730 327
714 576
217 168
574 44
903 910
544 15
946 431
202 143
130 672
807 606
296 200
279 1
275 37
620 425
964 971
382 908
787 978
718 810
365 578
683 613
463 213
891 646
263 663
736 581
629 262
814 360
980 80
528 305
434 844
842 81
934 513
667 134
395 891
213 720
16 116
54 732
917 722
679 983
813 353
62 815
489 245
852 440
163 116
75 672
391 332
166 889
461 839
867 732
945 58
182 414
107 723
624 455
292 935
59 916
547 171
508 277
769 229
292 566
633 488
281 259
655 657
806 259
328 994
916 227
665 421
81 222
161 198
534 603
385 414
663 999
166 824
697 135
795 574
108 832
253 297
91 178
879 85
681 667
63 56
673 220
102 534
809 494
826 306
556 879
25 721
817 669
159 890
574 799
118 809
658 298
52 45
731 320
716 500
969 205
167 300
373 759
464 701
427 451
856 719
929 773
401 172
208 690
28 69
195 972
877 216
293 103
866 299
948 935
61 11
243 984
804 629
363 239
33 607
883 980
535 743
20 395
886 217
407 317
669 637
866 13
776 381
83 269
454 807
925 900
88 181
197 509
677 35
273 293
572 223
934 978
993 374
444 330
762 189
459 54
970 910
996 898
211 30
858 943
28 901
287 157
384 468
827 888
173 837
38 123
49 24
179 685
680 134
590 649
242 523
443 224
641 365
805 562
292 987
955 141
899 992
850 93
617 894
673 700
481 334
107 588
127 513
494 562
558 325
466 997
453 761
441 225
689 315
17 850
60 976
315 633
82 676
985 161
707 56
691 863
531 774
938 268
80 28
422 4
657 573
394 557
824 90
164 731
735 268
187 810
574 906
80 314
902 909
670 505
503 344
741 350
368 453
12 587
133 457
83 602
619 636
156 918
829 441
579 590
84 368
347 460
790 460
772 207
630 698
445 289
304 699
433 281
537 931
994 218
906 511
46 159
782 787
865 367
405 260
577 339
245 453
211 77
249 898
946 40
784 915
932 235
951 281
607 427
311 254
295 725
528 607
279 412
541 809
410 221
49 427
638 503
50 836
914 669
76 964
38 517
268 474
101 407
961 734
546 740
828 298
956 471
285 849
357 470
242 702
704 407
499 21
511 44
267 171
586 967
538 866
792 952
232 263
2 551
132 650
3 770
560 69
730 701
161 142
90 796
241 344
229 247
727 88
566 222
590 208
702 398
243 423
492 510
313 277
80 248
4 406
891 192
341 239
368 259
609 859
136 137
411 785
857 321
324 770
933 956
165 258
176 563
501 410
985 37
990 822
630 457
141 993
435 181
922 673
8 161
869 972
726 847
335 46
982 532
978 539
272 187
896 407
654 314
359 16
201 946
74 128
554 630
832 124
960 161
103 916
83 434
529 188
861 255
481 243
980 275
269 714
730 927
386 294
171 964
427 606
548 78
568 772
534 499
167 528
228 514
425 296
158 877
713 154
452 74
915 690
681 948
167 737
918 827
6 801
798 285
68 122
270 730
879 338
937 959
220 301
225 577
279 868
618 424
648 255
883 4
286 497
104 957
934 732
955 512
873 143
73 887
989 801
591 541
613 117
601 533
229 892
69 983
199 340
754 13
241 166
600 270
890 573
427 329
375 462
233 522
180 7
146 499
189 335
894 208
657 517
472 253
865 890
203 127
847 830
136 52
635 80
853 137
302 385
419 154
903 905
482 29
155 97
321 921
344 38
294 112
477 790
938 792
979 460
209 844
602 685
198 208
58 975
313 862
44 750
943 222
856 48
196 561
849 985
727 528
223 113
174 8
247 722
451 645
478 386
796 547
747 87
654 385
396 401
202 320
240 531
496 621
67 371
390 691
253 883
770 430
849 532
360 529
173 82
220 19
871 780
504 326
512 531
570 265
128 236
515 392
774 375
381 241
440 669
537 241
370 354
522 359
651 73
243 82
485 179
158 107
198 948
876 836
256 190
517 544
989 611
375 19
572 202
655 950
696 573
548 550
696 149
95 581
350 81
155 912
622 302
553 869
955 669
433 935
450 95
994 512
632 621
891 136
428 650
87 391
239 924
311 611
817 894
394 665
126 760
627 547
367 740
283 131
805 266
539 370
710 505
17 108
680 700
790 545
62 396
981 186
208 319
213 800
491 66
532 692
511 15
168 127
921 551
653 373
50 673
412 634
125 251
397 234
435 395
415 321
681 423
433 222
678 201
753 533
844 932
741 832
577 743
559 435
282 397
372 559
749 993
258 434
851 113
562 196
28 808
784 86
470 681
954 362
348 13
405 50
44 278
62 610
909 962
491 543
419 330
477 448
599 565
525 690
219 137
475 35
560 203
427 836
836 40
876 793
93 513
228 824
198 912
552 946
347 154
630 951
977 708
926 72
495 740
473 288
826 356
169 575
798 86
320 701
191 106
454 712
627 368
117 770
742 611
987 785
271 179
627 737
384 605
630 704
48 970
13 600
546 48
640 270
97 687
481 584
833 275
1000 380
143 282
165 254
509 392
209 746
84 258
194 350
86 336
189 581
491 256
273 85
994 505
478 30
43 623
302 296
657 239
431 140
973 143
933 74
992 666
277 758
891 720
710 372
359 414
288 485
142 448
625 268
457 402
370 949
994 219
62 571
49 712
692 918
839 801
608 601
606 52
610 43
28 622
343 603
628 699
790 158
558 170
174 179
197 242
783 799
541 985
124 985
72 868
254 76
976 714
774 541
166 902
281 216
90 584
326 696
883 269
831 597
318 632
764 536
824 733
124 891
680 385
245 937
766 197
641 106
436 658
627 129
883 43
314 370
820 568
717 400
919 948
521 637
706 150
155 939
191 57
251 770
712 272
878 221
616 914
733 678
526 949
815 756
51 539
527 484
99 295
725 743
50 218
822 650
308 25
660 886
882 898
20 405
919 523
578 395
687 543
834 33
213 420
480 464
640 746
308 392
420 578
828 993
22 650
654 761
778 680
411 897
714 554
808 555
570 726
972 230
812 895
852 956
246 455
359 732
967 29
680 741
848 939
249 210
921 622
635 258
850 156
142 476
255 125
93 370
240 778
115 678
598 485
191 945
788 765
840 600
785 329
936 203
6 629
394 860
500 10
926 554
275 884
349 749
921 170
794 88
958 435
793 96
131 521
814 782
391 75
395 396
16 839
591 216
370 492
776 961
692 917
813 803
949 926
163 777
303 90
58 49
815 965
245 909
466 938
214 436
140 559
414 154
307 31
555 392
85 866
223 558
519 109
561 831
176 283
788 364
108 862
825 898
475 777
295 98
157 93
929 172
344 78
686 768
545 508
731 489
380 249
790 990
636 42
468 660
724 574
151 897
227 231
657 516
105 711
344 265
75 427
138 751
549 655
843 942
401 87
238 596
973 735
593 576
133 424
616 356
377 304
849 721
268 641
639 705
36 677
844 332
982 697
193 326
47 39
568 374
821 588
662 704
226 134
541 605
88 552
364 376
2 279
350 319
409 271
961 970
643 2
420 393
810 753
80 990
266 531
601 432
802 673
965 915
573 334
867 625
392 965
658 589
102 930
2 936
993 187
73 80
23 962
144 345
279 677
675 96
658 818
823 936
131 107
181 588
764 576
546 271
358 305
505 867
257 312
884 217
851 400
621 986
324 368
950 452
682 622
738 802
371 823
444 953
873 217
397 865
430 53
574 547
314 413
613 7
998 579
379 241
806 406
972 874
296 980
246 579
87 273
40 704
38 895
372 937
891 139
29 152
730 7
644 363
836 726
886 898
498 963
998 589
959 850
468 799
195 545
605 810
645 79
43 757
599 408
415 897
212 395
952 767
80 525
139 720
286 769
791 968
313 889
706 736
675 627
992 989
679 663
258 145
850 588
667 247
407 816
344 976
74 217
404 554
121 162
73 7
148 567
405 448
577 663
228 741
778 346
388 466
721 556
576 297
135 232
985 775
984 574
908 319
480 978
769 199
789 12
157 370
360 354
289 826
253 489
716 967
842 646
682 691
422 638
58 334
907 462
711 828
722 323
941 739
265 130
821 400
506 566
531 667
734 886
402 797
955 587
498 178
457 894
601 547
194 155
752 657
329 928
698 283
169 804
685 623
691 974
584 670
492 299
517 182
419 999
39 438
430 902
542 283
446 396
285 786
186 193
142 901
380 400
109 46
887 824
535 950
757 706
522 815
817 921
964 728
92 871
751 752
990 856
829 326
61 956
18 913
476 629
408 973
786 394
990 122
807 608
362 295
51 367
9 187
771 499
404 744
649 531
905 633
781 22
503 670
141 183
881 12
36 979
843 293
205 964
555 693
975 224
960 71
923 333
122 382
322 844
14 558
456 294
18 597
37 503
245 372
416 881
999 47
103 122
153 425
849 706
41 541
338 73
106 61
548 84
756 488
738 422
660 499
98 969
33 526
285 594
742 113
10 310
996 484
391 772
837 724
137 282
341 538
220 617
557 358
122 683
582 827
361 878
509 581
76 360
596 919
759 677
104 97
857 421
747 777
180 446
937 541
427 700
114 390
885 907
790 930
406 955
227 202
88 644
621 486
147 781
883 216
721 400
971 786
321 2
930 636
826 701
259 340
740 283
51 112
729 46
325 881
236 42
576 951
773 867
23 388
961 195
201 854
74 428
921 621
494 769
151 32
45 605
7 224
311 318
931 305
614 701
549 46
883 684
365 893
795 354
10 662
690 116
213 569
456 322
257 791
610 447
166 705
315 25
980 285
692 649
715 536
791 327
612 97
253 222
96 7
672 281
718 354
301 200
603 584
353 166
859 738
966 570
625 964
383 988
367 443
553 225
45 195
233 35
784 445
966 597
125 853
73 650
791 997
243 246
111 55
555 679
228 241
472 643
569 283
987 100
988 731
772 920
367 782
941 555
357 292
820 908
548 659
271 980
3 568
916 471
725 521
372 807
800 688
599 32
937 633
248 904
742 552
527 436
919 558
351 56
43 891
155 325
906 439
185 110
873 568
125 667
536 904
518 744
460 352
133 262
304 904
902 187
342 685
520 412
459 856
632 928
924 422
982 340
127 359
623 610
44 857
174 812
286 810
931 595
65 259
567 732
398 551
771 459
535 418
442 479
710 204
714 3
188 190
425 532
135 993
706 959
502 811
68 388
918 8
745 568
504 106
948 791
571 340
681 756
884 917
477 329
228 593
482 673
990 499
675 402
879 658
957 944
671 102
412 194
695 124
920 378
115 110
451 80
898 433
777 544
546 383
822 16
769 388
272 732
276 252
722 348
704 767
635 581
689 365
48 371
637 47
307 734
533 468
437 431
526 940
116 610
690 785
674 138
986 392
163 659
599 196
547 633
507 20
180 118
420 677
4 804
521 150
61 693
421 909
941 817
817 739
458 451
919 562
948 226
215 573
200 842
184 335
255 563
932 484
874 877
251 486
1 869
454 57
899 860
312 610
307 297
454 72
954 885
60 183
481 494
657 35
696 439
364 349
593 849
540 376
762 184
374 829
583 314
1 206
44 498
596 71
465 579
488 764
367 385
516 384
476 69
940 692
922 91
965 7
125 362
714 281
642 42
864 486
844 419
888 492
354 755
211 257
874 195
747 339
568 830
418 957
510 271
963 390
462 434
381 34
557 95
336 365
45 267
569 625
822 77
134 67
427 983
660 143
28 469
831 358
467 979
871 609
927 915
142 761
380 92
454 703
950 336
369 469
522 123
694 853
716 309
882 13
901 389
199 286
612 588
198 325
919 737
304 379
287 110
248 960
696 936
200 791
807 940
630 625
776 956
668 342
390 44
41 422
702 45
999 533
673 313
782 69
397 473
147 718
43 609
813 994
726 657
503 744
662 649
543 635
782 790
781 149
819 271
126 351
595 308
245 371
887 932
102 292
339 242
50 835
269 65
54 667
221 234
416 539
852 316
230 120
432 399
766 414
180 805
699 451
738 423
433 258
98 966
444 574
525 323
906 99
162 363
146 804
755 856
438 4
561 55
944 441
998 204
567 121
836 14
160 743
250 991
128 69
402 604
510 517
148 8
205 105
522 317
997 29
929 277
52 428
238 403
593 128
613 205
794 937
375 782
711 688
731 30
91 255
272 947
42 297
82 453
265 14
195 333
808 864
551 152
186 520
378 654
63 450
364 707
403 265
963 705
754 198
61 878
544 392
49 814
228 29
970 446
648 182
84 288
801 392
786 92
382 517
808 70
420 802
717 564
614 848
359 79
129 985
52 227
756 558
213 998
568 715
350 321
631 752
670 916
842 57
443 990
283 649
413 762
182 441
935 853
700 62
442 282
480 89
555 974
718 398
97 448
867 676
214 889
676 902
606 707
607 686
305 23
353 687
683 125
828 696
498 311
396 556
327 984
58 63
704 613
707 838
893 15
90 844
385 438
371 861
207 945
15 316
950 361
953 187
972 753
75 818
849 122
704 771
526 680
271 983
823 522
39 27
43 92
426 108
29 1
838 793
858 107
886 565
617 529
209 389
488 332
238 888
125 725
423 926
446 325
194 482
412 429
696 96
893 676
905 244
449 208
857 211
255 684
352 901
539 363
316 800
578 143
1 130
153 46
992 725
130 700
535 979
334 900
27 44
526 6
666 878
571 683
37 219
183 895
721 393
174 924
726 729
853 839
382 476
184 752
974 711
810 620
452 720
297 439
444 162
887 590
302 64
140 171
948 754
970 918
980 380
37 317
19 798
410 225
875 31
880 887
111 545
478 528
82 233
529 150
784 109
438 162
300 199
712 799
231 857
334 68
168 593
297 883
102 974
103 355
215 293
71 961
167 646
369 823
66 788
180 563
881 922
166 935
647 9
134 100
686 465
889 715
216 839
569 525
209 718
509 810
717 453
159 549
439 579
81 99
375 833
46 995
68 895
630 985
314 411
926 226
285 234
273 546
660 970
545 975
622 156
882 121
78 594
929 936
235 609
109 72
660 808
790 875
39 285
839 506
416 948
734 724
311 701
973 624
958 412
597 196
653 626
997 952
195 944
861 719
678 15
881 145
924 395
1000 545
230 529
430 439
752 17
135 308
496 351
500 319
447 784
212 107
869 211
597 888
139 432
286 545
148 36
36 8
476 215
97 46
504 995
118 644
802 707
274 788
996 797
922 88
779 753
482 723
546 732
563 678
624 392
400 834
528 688
90 627
418 954
680 281
310 116
827 90
358 287
386 412
500 866
67 321
254 817
715 769
992 394
349 515
59 541
393 761
860 177
368 863
384 20
992 377
774 225
43 361
883 995
337 84
20 222
118 962
293 993
811 876
815 876
114 17
846 870
748 77
319 930
237 213
256 508
792 222
702 353
137 47
175 215
766 627
38 949
406 925
392 123
302 738
817 782
982 64
108 725
773 107
481 589
282 534
191 474
88 857
87 533
71 112
312 801
423 567
135 927
429 566
20 333
626 376
68 235
204 934
711 49
472 470
697 547
438 703
340 303
919 164
173 578
246 152
339 806
66 562
303 835
942 510
217 390
148 768
19 632
422 386
509 432
11 568
691 170
801 702
162 932
469 536
474 882
291 792
553 77
779 575
710 21
32 620
399 806
221 120
796 614
466 385
853 627
136 668
456 439
75 671
116 449
863 758
7 370
279 521
581 153
177 67
505 590
345 993
287 2
254 115
275 970
2 878
922 303
11 964
452 82
607 730
499 25
600 556
569 547
399 410
310 195
599 843
927 848
604 227
238 289
55 693
93 610
811 827
190 388
228 223
820 571
592 682
777 968
82 644
48 316
531 697
237 808
39 118
521 499
333 277
582 840
399 94
239 27
129 590
702 285
991 996
523 442
891 196
747 920
492 265
220 824
946 674
126 962
910 104
622 950
368 485
903 929
117 694
613 529
191 591
689 209
70 788
365 225
616 975
212 461
602 725
86 482
329 367
681 194
187 665
633 697
745 919
611 327
617 579
187 359
819 362
107 460
583 103
214 783
800 69
628 265
610 300
442 138
7 342
227 836
28 787
103 233
456 34
591 52
149 1
558 423
119 823
559 586
600 409
642 159
806 941
509 35
755 823
318 539
393 672
284 526
968 187
362 726
950 801
807 418
464 138
708 774
604 886
789 804
977 76
157 90
271 982
186 698
649 290
116 703
675 221
262 137
801 111
674 215
312 643
3 757
136 218
561 623
104 238
255 585
739 820
556 678
373 542
532 463
531 282
611 334
385 994
727 378
341 552
397 399
491 316
593 568
922 542
510 509
706 505
545 829
217 220
92 984
274 365
114 620
387 22
889 338
714 815
770 973
933 15
37 218
334 564
61 196
304 583
692 986
690 870
799 507
164 34
37 316
701 773
975 218
353 127
942 17
447 989
585 820
639 73
182 410
594 954
900 525
794 8
79 6
504 108
693 774
50 776
18 842
456 463
129 447
666 78
650 587
614 264
637 745
361 438
396 755
344 644
571 199
901 858
168 594
816 302
266 195
84 590
547 174
141 641
426 525
707 916
525 539
846 105
349 943
650 316
100 331
390 243
515 952
177 710
482 487
521 553
947 251
744 318
745 11
548 546
163 516
402 820
370 89
507 441
548 689
665 635
178 33
639 917
341 818
512 194
108 611
750 86
961 333
744 107
997 391
781 730
892 163
1000 778
539 441
181 842
222 382
170 477
172 643
935 431
263 852
248 320
678 957
346 698
222 265
259 257
479 506
373 867
688 737
564 60
782 111
401 48
919 274
705 98
726 792
585 660
587 66
861 639
273 254
61 119
745 990
504 972
636 525
677 93
861 912
364 200
438 579
248 465
526 402
982 592
462 936
625 501
576 844
648 316
210 885
194 218
374 640
843 395
662 973
463 458
980 224
748 260
253 930
542 413
720 953
758 853
693 794
344 753
166 926
244 74
689 195
871 223
569 917
660 452
720 743
944 415
543 137
505 915
309 259
679 28
920 344
632 98
794 689
724 562
564 783
369 59
208 297
10 115
506 962
2 78
90 773
312 375
129 839
142 767
897 346
295 39
651 855
358 909
236 618
787 375
695 518
667 973
590 360
320 544
856 914
285 894
414 514
346 892
735 506
836 972
578 419
652 926
748 606
459 4
207 674
133 203
389 772
820 11
517 85
117 721
193 225
798 582
903 339
134 830
50 893
692 892
131 196
353 340
912 319
434 47
674 372
352 684
157 973
876 151
943 678
634 417
84 962
508 662
532 938
86 585
24 557
666 484
904 561
944 718
447 533
606 858
440 797
735 626
993 119
560 574
797 831
983 532
571 158
561 420
861 297
284 848
889 928
157 418
432 239
489 466
508 346
607 874
498 352
689 457
842 697
694 816
418 760
673 957
432 973
384 864
918 749
704 825
829 714
836 302
806 578
312 130
632 459
775 445
602 239
290 713
648 971
355 949
599 142
52 115
803 925
21 952
796 370
542 378
212 633
195 621
109 15
48 889
203 340
967 136
364 995
93 467
293 425
539 385
212 449
195 907
821 963
787 847
572 463
977 717
373 972
372 495
844 699
458 74
810 487
5 519
778 793
763 461
468 167
867 379
596 155
409 311
541 742
818 941
433 137
814 551
377 99
486 918
14 521
456 325
517 549
741 900
965 76
882 610
289 936
885 357
512 925
1 152
426 294
903 155
310 61
276 389
664 870
826 154
617 970
384 889
284 527
150 756
233 834
219 485
570 195
316 470
873 882
128 321
59 604
543 645
32 301
622 134
773 128
786 563
982 30
285 806
739 823
260 75
59 627
877 93
458 317
277 999
83 936
34 786
386 673
359 764
353 95
628 827
508 358
41 13
26 507
999 940
835 663
340 31
811 54
761 271
870 603
728 64
716 311
184 754
895 77
182 488
730 452
171 889
387 324
733 252
317 539
690 23
283 663
602 891
883 570
3 372
276 497
337 418
802 556
819 758
930 344
605 217
932 447
791 356
64 661
118 600
824 955
141 559
993 808
564 901
672 835
253 948
111 886
719 887
188 765
228 946
413 768
533 255
920 236
613 289
371 906
872 741
46 630
252 159
803 281
204 282
186 381
333 506
171 483
890 777
963 95
158 255
696 706
132 478
918 661
360 183
87 392
702 331
502 765
928 260
322 111
450 88
201 183
881 292
26 795
652 955
134 422
85 316
584 757
324 816
276 563
298 151
407 283
65 160
873 537
623 429
458 337
350 195
687 832
834 148
15 895
161 614
906 416
403 545
577 190
766 858
431 247
235 798
771 266
790 570
277 733
95 314
478 182
960 337
119 860
905 496
972 132
231 298
13 243
566 993
553 454
918 350
392 747
779 900
232 951
286 660
205 988
44 606
338 319
256 725
526 258
69 189
54 515
491 871
734 161
644 713
280 636
978 367
852 436
124 835
625 726
512 567
298 304
225 192
964 800
423 272
28 805
451 386
49 99
708 763
953 565
914 853
721 689
701 635
368 31
603 693
234 304
896 339
751 501
453 594
510 413
257 495
521 874
426 494
840 80
824 693
275 767
58 245
422 626
495 408
977 489
64 782
138 13
780 588
379 435
676 525
664 205
538 554
958 915
116 978
263 503
214 355
254 608
419 653
59 626
266 312
659 323
999 585
955 700
959 156
432 671
731 469
436 255
809 611
310 720
958 92
195 624
70 524
786 853
826 562
367 662
982 433
741 349
476 706
978 892
464 558
161 514
592 298
683 901
209 894
710 478
442 688
334 962
943 44
1000 942
359 405
252 811
914 354
991 448
351 561
135 516
914 303
377 206
244 635
734 436
490 343
291 794
572 249
365 661
378 996
44 578
207 150
165 999
562 387
283 686
691 221
106 775
714 70
465 136
53 968
628 640
365 806
92 602
413 644
766 306
876 438
956 382
723 93
889 837
763 876
224 36
956 493
941 127
1 752
121 412
822 258
492 929
44 134
599 724
72 71
860 224
222 150
519 503
557 64
225 575
318 351
983 91
47 743
856 849
301 676
786 516
398 589
664 88
259 924
655 794
103 873
986 79
381 519
238 240
954 673
367 980
941 997
856 623
53 293
865 999
977 913
74 615
825 293
293 455
41 374
630 592
646 469
578 55
725 452
969 914
625 112
204 885
601 317
87 680
805 461
628 800
517 473
95 237
243 918
359 296
549 968
862 129
511 125
139 540
529 404
92 532
153 904
543 670
799 513
303 726
73 829
663 54
116 257
847 558
763 554
384 544
876 267
311 216
701 848
182 316
487 315
680 181
590 561
718 397
884 957
595 672
989 693
417 478
119 166
110 701
914 778
920 499
666 155
461 813
44 219
953 621
201 496
534 402
557 19
150 427
915 553
404 915
384 47
348 272
498 389
138 114
871 964
855 451
33 264
781 296
85 210
698 10
242 958
43 179
135 355
11 337
820 537
731 206
732 834
897 272
220 585
411 803
703 876
500 683
138 852
466 713
217 757
110 104
169 634
367 891
207 982
195 298
865 914
223 344
649 433
578 377
543 533
105 569
57 130
398 124
825 208
609 889
593 284
815 501
502 944
482 657
19 246
406 714
613 674
881 234
613 563
579 639
970 288
827 681
320 213
491 92
79 893
631 800
883 799
295 949
597 864
667 238
301 356
654 280
966 94
236 703
755 887
889 35
83 84
528 327
725 478
70 306
609 172
239 601
899 288
6 586
188 809
524 915
637 630
430 858
163 125
435 704
974 791
666 76
652 47
457 931
694 406
948 898
680 288
810 943
470 609
178 844
612 906
370 269
525 537
270 696
497 529
239 29
3 819
301 882
708 116
86 672
531 533
417 181
682 619
186 378
609 270
907 310
56 866
935 412
494 52
388 865
542 6
29 113
232 99
734 814
721 161
481 836
816 763
172 389
449 486
950 618
543 80
696 912
949 290
952 122
274 26
38 195
693 422
350 817
223 205
84 389
380 504
900 137
494 624
498 591
48 770
69 632
843 65
268 378
958 274
762 883
565 404
839 21
363 228
18 825
558 583
101 952
464 865
946 221
654 218
325 800
623 755
773 712
887 702
581 511
862 828
641 954
538 290
922 715
838 113
6 679
960 239
136 993
568 996
475 490
862 266
244 37
707 711
546 731
361 263
15 780
92 401
79 149
708 315
853 958
413 961
489 107
794 268
875 683
381 62
664 816
827 460
276 446
362 669
54 255
863 895
718 22
721 850
848 735
559 866
564 696
655 611
208 186
25 916
584 421
307 574
34 986
74 799
459 331
343 179
964 400
983 404
53 847
897 457
388 212
891 317
912 998
553 980
91 949
223 144
608 619
797 193
138 590
251 203
74 576
657 967
288 174
731 754
491 361
535 546
94 278
642 684
298 283
959 962
650 832
545 778
749 490
492 85
244 726
303 470
653 740
321 859
602 764
164 311
4 344
508 946
832 88
164 134
919 22
795 492
931 889
883 727
496 717
885 109
157 892
653 87
140 110
514 922
922 51
166 734
760 505
895 405
988 281
68 367
969 252
914 807
775 874
154 848
501 579
54 953
806 641
41 966
98 949
634 611
945 980
92 155
510 446
64 353
286 111
234 420
788 501
720 483
712 135
458 835
77 43
741 4
409 179
603 47
716 710
788 203
994 992
721 88
61 535
506 710
622 232
659 350
114 387
995 278
354 498
594 849
467 700
43 786
501 498
527 460
730 248
430 926
388 494
218 391
318 191
644 191
293 87
39 695
588 236
535 695
368 119
611 53
853 464
50 479
126 562
883 917
221 262
969 348
127 172
889 405
784 871
568 702
992 922
832 115
939 937
174 102
220 408
384 484
572 13
221 89
439 6
282 463
16 159
439 183
559 742
803 176
609 97
258 743
882 864
983 939
106 429
327 839
42 949
443 414
483 733
600 523
486 464
125 112
975 311
954 14
257 470
224 815
511 827
489 505
275 310
516 920
904 684
769 223
872 282
357 478
841 513
471 330
220 586
539 946
650 121
621 5
119 372
601 749
301 647
530 723
398 291
132 395
794 824
318 90
47 632
329 413
806 511
798 851
527 435
623 149
335 606
695 761
293 361
339 689
460 270
227 237
295 498
568 175
537 39
167 401
446 728
511 818
866 287
663 625
498 699
475 849
1000 634
191 620
231 435
624 853
201 740
882 533
109 932
331 502
23 20
995 863
64 43
118 914
174 928
766 542
624 51
87 941
809 135
41 813
173 280
526 292
490 428
473 666
2 128
663 85
900 633
979 160
317 537
598 650
656 141
130 252
149 832
794 23
82 229
905 918
871 39
324 348
497 730
940 860
297 742
689 164
173 75
301 150
504 478
656 427
641 281
895 306
474 762
320 760
318 939
102 962
174 463
755 788
432 169
841 707
399 479
590 966
885 522
707 806
587 804
5 941
775 225
194 798
391 728
893 128
587 989
824 505
328 712
368 533
846 782
828 813
445 911
502 576
211 789
103 803
786 589
684 780
950 760
954 759
460 76
122 607
798 828
186 972
481 948
227 184
464 294
691 617
854 503
76 118
518 111
553 520
271 213
756 989
703 246
482 470
320 485
543 921
268 637
930 590
716 67
242 502
354 156
190 878
178 846
549 246
447 925
672 104
892 499
466 652
78 507
454 50
537 862
458 49
143 594
348 704
535 364
259 177
317 859
763 503
718 697
404 577
518 789
368 642
416 190
698 685
814 255
706 924
315 231
802 735
220 168
314 805
84 655
68 372
822 693
373 293
128 929
384 347
112 624
993 217
709 475
371 370
106 82
665 111
707 996
745 313
529 552
587 729
550 838
664 817
537 37
849 267
498 379
334 237
101 174
29 641
211 610
710 632
711 826
12 544
825 851
589 218
833 680
47 722
910 596
626 90
898 688
125 346
712 330
825 45
464 712
464 371
842 290
835 132
928 290
912 999
967 899
489 960
864 756
186 992
977 939
753 140
113 45
35 117
904 154
764 260
782 223
872 763
587 261
92 893
308 290
381 820
420 932
934 473
499 869
170 335
482 109
375 282
412 256
198 369
454 143
159 718
188 319
43 612
959 594
781 302
568 325
843 253
771 360
535 259
395 86
904 597
270 870
287 458
507 736
257 611
149 565
615 678
84 94
781 16
522 752
738 239
760 395
776 400
580 670
451 578
951 273
793 883
132 21
214 999
840 434
399 851
291 122
348 121
318 769
136 877
690 428
253 820
14 850
6 930
300 139
230 204
124 583
324 1
567 199
950 245
348 159
483 672
615 251
394 83
732 68
461 105
558 361
558 681
110 464
246 203
789 923
48 417
661 209
403 193
868 779
523 208
816 934
746 427
855 31
512 111
933 753
589 79
494 237
798 997
536 630
983 443
695 615
219 342
937 519
190 117
792 903
473 39
94 465
800 904
240 325
587 78
133 300
743 845
178 903
786 198
770 707
420 984
700 679
834 218
210 390
816 97
71 374
701 27
159 865
999 794
891 757
196 965
678 309
665 409
990 235
477 44
23 96
210 681
69 226
53 953
718 753
685 408
304 445
954 459
538 138
25 501
598 734
35 140
738 469
577 593
973 80
197 864
612 769
874 548
499 72
686 220
945 102
122 449
582 349
250 794
401 960
439 852
633 475
580 182
764 571
159 309
767 928
926 816
519 469
837 690
909 741
872 283
310 974
30 77
68 768
549 23
592 650
275 422
955 536
774 60
794 918
805 253
871 676
189 613
669 187
284 351
583 597
310 751
597 457
284 462
773 30
62 47
797 136
691 701
484 645
676 321
269 495
15 255
977 524
464 601
362 574
736 897
988 581
999 600
378 98
967 510
736 880
331 280
159 769
365 498
123 666
472 402
402 453
222 194
198 701
282 159
598 425
966 205
625 461
74 93
572 715
418 606
718 717
535 41
957 375
279 367
763 712
433 59
3 291
631 461
426 836
376 59
512 973
488 762
879 555
991 985
581 93
84 731
488 932
380 626
405 151
633 262
194 714
358 345
779 7
525 535
177 361
289 791
389 510
807 493
202 780
632 185
916 91
597 503
392 407
416 269
181 3
310 937
168 914
940 304
620 929
983 498
398 316
551 206
613 913
964 461
638 572
672 820
669 48
708 541
769 602
4 945
186 956
61 800
502 914
468 268
496 231
61 913
155 468
598 120
975 464
398 888
235 453
425 958
597 176
636 922
605 709
739 387
633 644
944 873
692 779
307 303
865 489
352 644
169 306
689 226
658 886
204 748
64 423
749 584
291 240
405 344
279 371
799 360
16 73
456 384
702 582
851 121
814 111
227 819
656 121
858 521
970 873
681 730
742 509
513 305
822 293
219 784
789 164
943 317
441 270
538 996
41 708
444 647
533 175
491 676
370 303
775 38
814 696
450 503
272 687
3 785
480 578
389 264
367 415
368 931
719 618
925 247
753 464
626 862
81 335
869 283
427 376
356 162
109 406
381 703
338 952
623 349
354 206
999 642
213 121
929 824
566 567
326 296
259 353
825 488
652 591
636 958
947 61
530 111
344 230
739 447
4 364
83 323
959 674
106 557
168 67
41 219
923 213
136 673
999 838
191 901
202 837
788 861
936 72
732 919
315 133
374 736
947 328
948 695
79 85
27 678
72 698
653 166
654 577
362 59
913 697
129 330
862 740
511 414
478 749
376 115
510 194
920 410
903 179
580 460
429 296
675 80
436 580
336 688
444 683
510 444
132 748
940 75
723 301
664 45
820 657
309 404
661 111
566 36
705 947
284 709
157 113
877 706
42 275
659 352
53 177
955 733
226 711
318 15
446 448
214 108
198 545
494 206
881 481
165 440
833 326
863 459
985 387
420 586
38 9
277 975
422 168
868 328
445 9
142 27
308 263
131 262
683 853
189 4
635 60
820 410
342 994
607 50
75 229
592 265
131 151
994 405
351 880
134 798
766 913
765 802
986 561
164 341
260 960
210 535
464 811
653 919
231 367
469 598
680 779
588 576
511 207
216 533
585 946
516 288
653 97
619 159
770 183
440 846
371 374
305 36
608 859
55 208
386 319
186 531
337 459
83 155
84 704
927 396
573 516
576 360
225 382
262 293
675 76
698 823
236 794
239 149
578 769
577 882
874 382
926 351
50 722
860 199
669 487
745 129
158 116
840 107
362 723
842 729
518 400
179 624
272 318
390 155
963 103
603 412
96 602
884 483
467 913
30 477
11 416
808 947
113 825
913 653
134 303
172 630
708 832
378 431
548 745
555 63
961 264
282 681
437 749
982 18
89 161
65 216
842 326
160 52
514 927
986 832
626 475
147 814
22 537
630 290
297 14
942 606
123 300
112 59
826 971
956 782
890 6
947 117
785 114
416 763
508 444
143 632
312 572
352 761
683 607
546 578
22 377
249 578
857 864
118 771
90 4
780 401
219 617
348 947
945 167
948 798
163 126
715 573
955 10
520 573
850 220
387 614
12 329
948 909
148 377
901 837
916 245
367 757
383 846
167 781
485 186
580 322
296 301
219 66
111 80
647 404
172 820
45 450
197 647
552 938
392 837
922 407
392 694
543 724
211 791
786 587
532 27
418 455
631 447
522 977
480 884
264 801
356 143
416 236
18 368
535 821
720 90
812 650
941 810
377 521
13 555
972 64
541 245
139 925
843 33
930 588
894 869
436 261
865 669
791 653
955 995
503 511
860 956
613 993
501 202
818 700
10 996
304 649
819 26
588 869
64 9
157 996
454 466
222 846
534 742
637 821
16 59
614 463
500 219
31 253
93 84
554 710
103 223
567 844
65 319
521 908
806 927
360 451
435 846
935 633
393 658
249 552
34 132
56 692
833 908
997 913
245 988
784 508
333 9
779 179
380 996
533 384
422 705
3 929
722 315
65 580
228 176
754 558
256 613
695 492
259 932
703 929
890 664
700 396
211 819
806 426
110 39
972 902
42 463
406 804
869 282
198 570
860 755
57 778
497 499
705 694
635 821
542 259
507 166
915 399
844 95
203 161
574 944
316 896
778 701
709 855
105 647
703 940
449 146
213 233
256 830
645 316
204 988
153 662
26 396
248 532
815 140
160 346
507 629
18 792
781 189
70 972
718 872
221 336
115 725
19 490
46 165
273 511
558 832
425 708
766 679
456 302
349 445
847 418
599 193
871 24
827 158
611 551
7 634
37 721
811 642
663 381
996 654
524 37
401 986
400 563
93 858
756 14
629 824
979 809
673 598
805 685
85 715
177 688
590 60
457 640
741 432
264 524
483 384
307 779
129 934
264 667
543 287
474 244
323 265
659 355
695 609
593 411
276 913
868 107
371 533
512 143
894 963
517 146
687 550
834 54
779 319
53 377
359 582
820 500
401 232
825 410
105 732
486 591
736 854
53 628
183 549
494 421
593 615
812 775
27 89
393 377
472 440
933 21
593 390
813 575
890 82
356 874
140 303
639 381
127 169
925 309
302 47
804 405
572 153
240 658
316 351
762 963
185 652
650 974
244 233
137 785
75 689
330 801
704 303
465 285
652 7
547 299
477 654
953 512
241 822
917 421
411 243
334 9
120 149
879 759
384 180
894 464
897 74
402 552
862 882
149 237
116 880
944 43
618 414
567 459
915 922
186 354
777 925
27 166
257 413
932 939
751 124
555 161
95 760
665 609
869 449
194 219
488 292
181 231
77 814
427 323
854 494
621 305
986 222
181 880
238 771
648 891
220 409
337 594
173 550
539 556
659 93
436 290
49 835
339 801
415 916
551 360
202 173
619 574
748 858
394 973
815 182
222 40
633 750
302 361
452 574
250 148
680 857
682 662
355 575
151 92
528 669
136 307
892 712
327 614
287 285
288 661
933 363
455 987
300 687
170 857
965 922
676 195
110 771
954 493
311 56
561 261
971 665
374 600
983 618
451 429
770 11
716 524
866 672
95 463
126 120
879 666
59 929
25 241
372 216
615 172
46 974
430 568
901 981
251 436
530 897
703 414
424 841
586 517
976 937
423 486
155 844
746 207
712 115
703 845
114 149
333 501
863 745
928 571
234 522
362 583
980 979
985 687
587 943
824 363
592 775
609 959
204 501
5 228
982 906
191 201
907 520
342 111
843 582
118 390
63 259
377 520
666 820
556 640
874 947
800 946
564 139
730 191
942 520
579 974
138 648
378 21
948 153
290 863
934 156
425 719
739 52
776 10
668 104
789 671
527 807
251 510
489 583
790 575
539 253
842 127
10 997
340 56
657 138
305 929
795 4
616 615
526 404
984 459
1 543
308 909
22 247
960 116
945 480
206 510
526 263
361 745
842 120
571 426
109 679
992 837
184 770
666 394
904 539
463 464
818 193
784 49
947 415
609 204
496 899
831 837
98 587
796 648
841 49
434 585
590 660
457 824
116 27
923 567
525 343
999 480
984 519
125 467
43 858
309 269
44 46
651 30
444 880
855 278
15 607
237 539
661 73
349 909
688 25
234 479
971 650
384 399
77 3
320 792
48 279
51 664
214 395
753 470
789 870
208 77
29 81
751 850
200 545
664 496
243 581
501 617
535 856
347 547
590 413
21 942
635 820
337 521
602 55
658 261
398 56
700 904
848 155
286 298
696 66
496 5
143 457
321 942
17 437
91 708
78 717
499 791
504 639
434 86
291 547
224 61
459 745
830 968
959 779
322 675
257 608
926 794
448 245
74 147
520 777
740 940
68 437
304 69
288 733
266 976
344 476
729 518
267 454
272 336
419 131
991 787
281 166
909 540
72 253
162 408
813 64
707 965
780 783
379 628
675 35
56 593
474 288
935 749
348 265
281 448
525 605
347 67
992 284
284 592
553 278
858 381
89 858
125 842
842 818
737 335
506 595
877 704
879 150
185 126
521 500
242 950
542 66
284 374
214 243
275 693
834 900
394 613
622 95
678 797
403 273
351 463
493 874
848 135
389 959
971 67
422 607
170 302
875 495
912 627
494 671
481 332
799 750
53 740
260 962
373 71
834 507
783 566
855 493
199 719
862 21
596 161
871 345
49 738
767 408
89 545
272 15
239 723
700 71
17 15
136 558
839 908
440 848
520 948
760 281
334 799
887 896
230 397
582 182
508 551
134 945
771 773
205 705
675 617
390 349
182 676
211 336
28 874
16 802
624 471
201 362
558 430
755 12
618 253
466 894
874 3
233 153
654 893
362 831
988 31
55 496
516 870
11 323
231 531
303 407
704 637
543 476
341 596
604 222
436 888
147 263
894 691
111 175
461 364
337 806
564 483
414 930
219 262
384 753
155 574
545 394
531 843
380 243
933 611
181 974
403 444
282 695
475 885
964 635
796 902
15 75
109 92
513 979
739 829
669 986
804 871
484 938
189 181
890 290
817 984
660 626
511 830
316 824
134 873
226 622
636 881
340 182
855 721
718 903
348 760
293 169
810 453
387 428
279 138
482 882
857 432
936 115
442 484
39 778
633 975
1000 890
362 132
224 276
116 354
627 379
267 288
529 149
412 783
508 724
909 242
22 458
225 190
148 639
300 808
721 574
704 268
372 170
185 905
153 427
176 68
250 829
234 198
93 641
354 899
832 543
393 709
103 488
189 819
154 694
798 247
405 999
9 262
618 258
976 200
190 214
706 771
665 636
151 729
668 421
389 68
686 810
532 148
898 970
21 905
522 141
203 150
928 137
947 663
820 143
324 830
806 366
365 214
277 916
132 137
981 960
194 478
490 953
180 157
695 846
554 110
759 59
136 475
89 93
930 701
918 824
117 375
840 990
658 83
634 178
482 167
974 696
294 542
499 600
540 194
857 834
623 879
386 80
758 130
67 781
390 502
822 623
1 399
329 10
280 578
338 200
836 607
657 324
54 692
382 1
286 167
483 938
10 550
762 419
245 598
236 958
699 446
25 35
776 82
695 42
642 210
71 780
478 798
85 836
46 698
931 144
474 333
970 630
223 842
793 215
305 477
767 613
492 127
609 655
918 617
243 185
580 24
48 441
910 937
747 761
911 400
791 751
826 248
223 616
691 826
582 725
967 601
398 364
369 460
725 615
564 475
824 761
564 330
747 948
6 220
518 399
725 697
412 126
952 27
515 761
433 730
984 132
787 203
772 413
188 324
563 304
929 686
235 867
101 253
331 340
49 516
867 102
908 988
691 404
382 609
896 939
296 134
629 337
277 620
739 305
176 625
585 923
899 65
576 242
61 374
845 238
690 70
729 404
468 360
452 789
749 553
418 645
473 726
628 654
429 3
432 297
268 135
110 824
71 722
511 411
749 843
510 193
587 254
222 725
707 567
923 530
33 516
362 984
360 313
547 111
932 723
718 196
189 778
86 626
769 426
737 736
996 381
544 945
707 226
450 329
772 942
864 967
247 800
332 869
16 713
484 12
290 337
608 476
648 611
460 1
123 217
199 356
420 663
480 830
178 673
878 458
990 512
114 271
460 231
489 919
322 192
51 258
856 659
342 886
934 74
437 930
921 857
630 453
44 984
579 905
178 786
962 371
566 641
297 160
640 946
550 405
274 656
10 954
230 721
844 936
53 788
663 223
331 606
727 904
987 871
218 905
844 912
477 89
480 227
447 929
283 640
845 390
898 127
130 21
64 273
83 47
637 620
250 580
982 893
767 249
568 929
606 825
365 107
594 865
443 183
597 538
141 516
624 456
805 621
954 297
663 643
296 563
387 924
393 607
417 321
695 18
115 156
152 146
104 651
767 940
988 911
388 597
405 849
148 53
663 982
632 272
542 157
603 401
513 905
651 527
897 362
60 940
152 479
622 286
773 376
481 818
393 100
657 727
820 773
722 547
562 844
179 341
939 447
728 442
602 415
769 796
274 466
728 297
948 13
123 289
786 441
339 580
369 929
764 969
155 234
395 571
655 124
502 374
16 323
843 278
737 783
295 947
406 8
300 523
654 482
1 418
644 732
314 667
296 866
448 941
175 426
362 239
144 438
870 470
650 992
577 640
409 54
998 995
6 858
280 773
813 485
7 434
852 381
603 561
430 975
987 414
257 107
847 186
334 107
746 43
401 928
812 178
101 181
859 841
48 65
739 17
210 495
926 457
251 761
732 360
312 355
792 45
958 841
371 689
172 966
103 862
199 415
91 830
882 31
208 572
151 728
433 979
161 428
206 257
130 853
755 452
369 1
411 804
160 228
549 630
787 65
894 193
62 207
563 422
451 535
593 643
96 933
796 32
728 406
912 557
81 226
60 363
227 490
598 239
981 221
948 266
416 683
369 224
539 255
577 32
736 819
946 215
359 366
678 170
126 591
64 12
287 354
549 993
552 241
136 536
727 944
435 516
412 733
560 699
153 251
410 202
338 499
909 788
658 532
571 285
865 56
905 949
323 692
106 204
324 155
976 730
996 661
372 143
814 994
504 511
107 682
751 397
183 241
573 585
153 390
793 480
163 893
560 53
99 891
81 164
922 498
679 724
450 499
59 439
841 738
806 892
132 667
30 126
732 332
971 652
77 1
959 423
172 795
136 684
898 653
276 777
775 337
389 22
424 189
963 945
581 514
930 282
453 798
988 516
973 344
963 862
273 662
419 912
995 369
8 453
872 132
605 914
260 552
320 454
590 218
441 314
381 975
592 146
424 292
227 441
445 82
636 843
472 48
31 879
283 488
568 330
790 473
351 937
784 738
287 433
110 26
460 954
256 485
358 942
136 677
288 608
533 666
435 499
255 210
257 919
240 873
980 193
956 23
555 562
45 784
637 982
486 994
269 840
354 472
382 211
843 431
239 558
674 234
426 905
886 323
743 206
600 360
874 267
395 190
785 490
248 181
861 31
555 988
261 857
922 133
779 276
687 391
232 711
515 302
729 554
527 667
512 568
140 729
380 694
200 52
145 885
333 200
802 817
675 37
408 448
384 431
244 340
245 957
693 393
395 378
34 22
179 620
756 303
594 446
815 922
138 40
63 495
257 237
638 783
531 595
253 371
772 943
789 791
684 211
794 959
376 674
103 785
987 532
961 719
650 222
912 937
503 174
420 656
167 133
209 407
360 773
252 275
845 258
34 537
356 465
928 178
674 938
454 962
511 695
41 383
848 889
395 4
338 811
895 541
610 927
829 383
79 576
703 410
264 169
878 435
505 219
657 822
506 132
297 167
78 988
192 923
709 618
123 757
269 57
108 272
952 901
745 926
531 459
383 60
757 239
593 774
244 982
466 312
371 461
957 366
245 428
339 43
876 258
663 444
704 179
23 861
157 715
722 674
440 961
681 645
736 995
651 506
687 411
325 294
96 18
331 925
391 959
646 691
8 867
128 140
920 152
264 604
707 816
29 836
858 428
340 891
604 216
162 103
242 953
8 577
110 488
252 226
950 359
128 426
972 747
938 407
132 482
746 392
144 904
752 837
181 91
593 107
99 766
100 13
765 301
821 107
614 8
830 507
312 686
565 118
9 687
237 37
4 986
649 11
743 799
262 534
377 738
324 875
40 526
203 106
877 230
571 967
330 891
750 803
961 11
63 939
572 491
679 385
114 613
905 476
579 757
448 17
47 43
348 762
174 825
61 405
970 13
273 299
457 86
573 96
991 657
867 415
444 180
248 301
266 692
601 367
843 486
862 390
315 193
960 154
529 139
254 470
421 981
240 981
706 805
211 385
641 738
549 958
589 748
944 136
475 308
901 816
336 606
918 550
689 222
659 770
509 109
419 349
662 759
225 414
353 705
232 430
84 599
681 899
295 327
25 871
779 58
508 154
436 687
807 488
544 952
281 446
410 730
985 914
950 464
147 293
263 498
600 779
566 224
368 523
883 742
258 777
376 730
699 574
411 694
113 938
539 690
384 777
948 70
930 473
659 508
938 60
85 478
344 497
868 993
356 632
204 423
22 569
353 470
61 29
407 241
106 742
213 834
269 240
593 940
408 876
481 394
524 618
227 378
283 444
247 615
325 809
252 799
114 792
896 880
568 653
254 272
18 722
348 845
903 535
481 84
487 426
37 455
3 203
352 487
97 49
575 859
395 149
723 229
776 728
232 748
395 226
951 41
667 926
304 88
625 808
883 316
922 320
889 915
727 503
90 1000
988 961
555 558
647 214
465 4
708 448
163 973
772 805
419 599
522 268
650 473
312 970
797 662
889 749
194 973
158 176
87 122
768 900
732 333
509 708
149 403
355 674
542 218
543 295
176 479
195 461
570 899
592 855
648 585
904 467
33 43
752 653
858 601
501 630
467 826
947 580
113 86
939 216
815 453
542 263
969 872
894 826
952 29
759 104
697 473
319 539
433 728
758 164
810 214
759 25
673 310
360 599
109 836
368 66
277 648
596 426
163 46
321 860
87 781
420 637
526 452
970 242
878 987
313 523
520 749
175 271
13 96
641 927
110 988
240 874
611 845
600 250
456 338
109 648
374 532
892 977
749 952
770 95
776 796
188 1000
872 873
45 49
546 758
521 940
258 282
722 168
211 294
358 395
896 408
880 699
573 620
741 730
634 618
450 421
146 938
382 364
557 184
850 962
723 304
552 739
747 598
215 84
841 669
557 201
426 349
742 847
233 877
472 691
414 826
932 947
14 776
129 954
632 357
81 417
355 734
693 170
416 330
753 503
833 575
794 815
851 690
636 420
180 386
521 671
700 841
661 445
423 798
299 276
906 308
450 490
471 626
535 889
459 74
209 742
192 591
742 651
670 436
583 653
179 379
365 156
937 299
134 753
247 152
854 160
929 735
913 306
826 833
666 922
499 839
958 322
919 365
230 942
126 984
84 154
92 637
843 159
990 66
654 149
930 965
846 89
240 775
316 484
808 84
75 599
810 526
448 835
505 278
804 480
715 647
555 938
429 436
723 144
706 990
557 309
268 165
508 546
443 201
227 846
470 738
987 436
624 458
970 856
991 368
841 639
63 625
779 384
764 706
266 213
874 14
875 731
950 171
183 742
663 754
388 704
723 351
471 125
93 555
833 840
763 237
392 530
263 273
309 28
181 184
256 225
556 84
113 675
25 597
584 484
255 797
698 372
169 795
481 816
891 269
13 689
60 652
132 257
830 504
392 174
622 126
845 293
706 45
262 535
71 332
433 663
597 890
648 628
277 478
521 64
110 898
8 109
356 581
361 971
897 385
455 403
187 977
541 270
619 562
411 233
106 643
707 19
648 537
992 736
444 87
209 958
729 135
184 524
889 457
961 852
340 407
294 372
159 672
793 531
554 548
173 273
653 7
567 577
235 216
733 377
914 565
398 674
554 604
650 799
409 139
619 126
838 156
452 879
462 128
615 970
27 613
174 244
694 511
298 68
106 121
548 144
421 822
138 316
69 903
271 632
823 959
457 610
295 326
711 958
430 687
299 144
48 568
211 572
656 735
659 592
362 560
95 570
901 755
233 524
695 391
256 380
459 423
371 691
82 578
856 785
964 420
823 611
647 689
302 866
998 719
285 144
983 377
472 905
934 295
864 751
296 684
781 720
821 255
547 270
302 572
748 916
878 371
110 682
504 463
711 177
588 956
293 104
675 488
830 833
902 690
469 311
986 579
218 745
383 145
518 994
387 124
779 814
445 302
197 349
126 589
164 362
545 561
340 427
454 471
448 796
987 673
952 668
296 832
25 262
867 523
249 864
754 939
349 453
166 773
556 524
207 576
344 763
988 188
280 867
499 409
742 503
444 558
67 701
619 376
675 442
987 508
720 721
774 434
599 715
31 431
848 676
110 492
777 492
893 91
505 778
702 770
607 905
524 499
751 210
272 820
937 882
95 542
388 958
875 651
711 704
108 923
243 472
769 58
725 612
172 932
379 168
551 232
826 473
722 598
372 867
798 771
530 421
757 615
972 18
241 24
721 278
447 392
623 347
91 570
535 965
313 484
545 145
411 36
71 101
679 362
331 248
224 828
969 590
340 243
952 892
136 329
303 999
565 496
445 498
499 904
923 58
914 318
925 968
801 730
611 255
596 137
852 243
637 867
69 247
36 960
774 850
280 562
939 837
745 706
515 788
999 205
430 184
947 511
20 547
700 157
777 560
922 131
12 191
819 569
439 216
708 263
283 884
965 368
1 59
756 11
315 327
392 744
500 841
1 708
777 942
452 212
730 877
129 159
242 768
3 738
217 956
40 126
965 402
272 641
849 249
579 272
539 68
530 852
943 646
352 760
593 252
149 438
977 93
47 767
929 146
289 51
834 361
698 706
890 697
503 126
327 300
204 57
77 773
741 238
798 895
162 945
973 459
441 714
460 226
298 197
706 198
635 212
63 327
122 769
847 811
709 822
343 937
715 237
520 493
114 748
928 445
155 402
598 186
122 227
430 280
530 58
52 778
130 684
518 539
818 833
13 161
269 55
531 348
718 990
330 39
592 414
979 430
764 214
320 113
107 155
572 295
610 110
352 322
518 837
176 528
909 120
801 855
605 297
515 961
143 768
5 815
263 578
13 276
577 752
2 39
426 38
44 430
10 618
469 803
71 691
191 250
942 226
157 634
598 832
323 654
710 782
513 450
988 100
435 796
81 960
592 932
816 317
689 1
448 657
361 80
489 43
417 326
54 925
24 416
150 416
23 658
542 998
825 148
346 343
312 475
275 721
704 625
638 990
769 395
203 595
449 759
86 780
233 840
614 336
305 67
115 300
479 823
959 505
104 59
52 315
561 690
995 429
632 497
160 876
659 130
643 777
476 974
777 243
686 893
748 546
312 902
111 510
114 302
208 823
317 395
834 23
714 737
17 343
324 853
91 610
437 530
701 485
360 513
568 38
914 110
376 192
347 781
226 950
833 70
292 317
743 588
209 957
799 718
982 720
162 769
913 63
644 953
918 328
22 893
89 837
226 152
503 676
821 719
71 480
963 357
607 306
738 63
630 113
353 27
634 124
502 484
476 199
349 79
331 716
500 205
429 55
106 836
883 516
444 404
983 609
620 861
491 915
172 494
162 308
436 510
793 78
991 855
297 895
893 965
611 424
509 988
591 130
519 417
206 932
462 466
615 312
292 7
80 416
660 265
256 95
756 498
404 463
354 782
724 656
157 273
842 743
769 209
194 790
391 720
384 802
129 178
885 820
669 231
66 348
584 257
379 143
640 19
952 293
309 232
767 959
574 700
556 863
6 312
803 974
365 65
441 761
739 972
462 825
604 54
735 280
22 733
696 809
83 993
546 293
30 620
260 819
113 138
331 223
721 459
631 72
99 75
635 13
618 853
892 404
787 800
146 232
455 374
259 411
868 413
464 971
910 222
680 683
934 786
501 69
726 646
430 451
94 79
89 323
917 947
559 98
706 754
508 790
272 60
538 299
847 295
39 810
98 354
746 250
407 838
47 303
682 194
514 336
442 375
153 248
28 648
603 880
857 608
269 690
572 973
760 341
443 131
58 310
650 530
478 651
779 378
547 230
859 648
622 412
943 692
547 119
784 355
471 183
73 764
20 989
874 537
941 307
135 508
671 222
766 216
253 507
612 550
524 492
229 114
447 15
876 927
879 8
685 703
464 77
670 45
