1000 9889
352 675
863 516
789 865
630 817
236 584
461 304
449 296
803 541
570 880
612 491
134 489
440 132
276 618
939 218
388 108
745 760
518 97
436 368
916 698
189 136
928 24
929 817
677 435
54 459
535 565
614 982
151 844
597 236
390 606
375 274
892 440
532 633
381 957
221 648
631 989
411 208
161 905
480 860
424 69
633 681
948 408
986 727
861 969
477 960
49 761
925 888
644 768
528 361
608 711
970 978
595 451
406 166
482 536
211 458
361 345
837 181
568 905
939 999
850 271
334 388
710 803
589 690
520 763
650 566
723 468
542 632
599 633
654 874
399 633
571 24
817 184
214 584
174 159
695 187
682 758
224 796
777 538
996 490
251 565
927 836
50 696
716 537
561 780
391 651
251 674
161 158
569 265
163 632
864 987
811 836
993 697
243 262
963 1
671 464
787 303
995 432
372 721
284 371
39 725
72 832
398 511
26 822
765 759
398 110
935 189
540 723
744 942
375 464
892 254
548 978
199 134
716 44
352 775
494 582
425 221
556 644
744 829
673 359
471 850
402 311
41 632
4 7
118 237
140 455
89 409
330 981
517 463
598 298
892 563
36 775
308 556
424 33
429 816
70 688
987 970
434 966
677 26
326 184
192 382
215 569
212 183
250 366
567 639
420 388
603 779
196 739
306 287
335 529
573 315
97 98
763 661
628 285
511 443
405 10
529 612
483 998
634 682
463 260
600 502
253 208
438 66
391 247
152 172
332 592
968 489
898 447
292 658
276 127
684 396
704 626
9 412
485 118
258 945
690 908
12 736
60 936
464 21
63 55
980 965
881 676
973 140
486 468
394 435
983 343
329 874
458 590
557 606
428 662
32 407
431 273
142 988
848 201
441 741
299 643
804 876
477 793
593 667
80 498
812 963
47 404
53 545
700 572
188 264
260 141
298 472
216 65
571 841
933 162
365 416
847 556
482 156
250 160
947 122
568 261
914 273
3 50
782 938
558 928
944 980
834 472
605 411
255 6
439 351
921 452
763 595
658 925
199 575
157 827
656 134
732 945
733 488
920 5
165 588
261 781
317 641
970 893
230 61
693 699
162 309
438 46
775 933
936 42
484 440
157 462
582 433
361 51
234 195
128 252
755 799
720 381
394 432
858 540
546 902
573 771
87 83
560 61
476 326
722 481
996 128
726 505
211 796
734 788
311 354
826 434
994 528
194 424
748 519
89 134
647 286
164 720
623 438
629 808
263 985
412 309
911 797
626 329
274 306
312 641
829 420
978 798
927 574
616 335
657 243
252 939
682 326
296 149
619 168
415 660
258 241
187 733
499 607
796 881
784 777
328 405
148 736
403 889
500 179
690 95
336 805
716 344
615 923
926 962
451 510
32 716
552 19
258 386
750 881
647 650
131 545
794 483
664 296
200 28
219 872
42 995
212 527
44 149
559 534
547 118
414 35
955 269
958 700
461 124
707 892
319 354
765 174
717 267
714 479
980 799
379 332
342 304
324 347
162 170
73 989
663 794
152 492
907 332
11 403
160 951
752 817
851 993
458 676
755 134
752 989
61 521
940 268
428 568
730 968
638 301
612 404
425 454
412 196
30 687
350 904
316 552
441 738
890 389
216 364
329 691
644 318
766 395
189 135
85 86
198 479
494 468
960 746
246 459
912 525
420 828
386 892
178 250
236 68
643 284
791 908
773 641
957 100
527 950
830 50
161 889
182 653
535 395
719 478
530 349
972 173
840 733
69 245
72 551
229 291
429 237
395 805
692 533
325 44
738 343
710 690
852 467
84 837
767 192
182 350
295 597
166 807
747 156
457 990
478 813
962 869
462 438
141 620
292 1000
467 498
875 641
56 599
882 415
58 45
703 671
686 427
836 124
361 148
789 930
119 501
30 94
547 880
570 51
974 273
668 708
263 460
410 896
267 521
471 297
216 255
371 621
997 225
722 26
694 771
769 760
37 87
129 601
95 786
647 763
816 701
359 921
289 275
113 119
39 331
869 648
43 304
325 682
91 536
204 793
976 322
69 661
483 516
255 702
943 503
156 971
674 648
910 798
643 491
297 171
705 38
220 357
588 853
41 174
465 842
818 974
175 191
490 303
681 94
900 760
64 72
11 595
545 767
857 701
141 204
714 30
476 253
974 612
791 118
995 739
98 299
335 42
435 267
211 120
374 708
512 843
14 533
275 791
850 353
634 228
482 573
546 678
638 256
895 435
733 52
206 172
349 967
245 714
83 163
301 168
653 339
712 785
968 379
914 769
292 957
503 717
708 357
672 819
533 894
970 568
557 8
563 7
361 231
312 477
108 485
789 788
254 965
493 371
258 910
266 389
431 589
587 811
971 584
163 535
169 726
167 71
907 660
623 78
995 431
557 460
63 391
449 279
602 215
546 43
507 25
808 842
436 11
644 464
129 677
977 857
282 689
7 700
467 759
916 652
702 181
740 456
872 192
588 4
492 241
347 670
226 965
977 635
118 351
608 196
549 703
252 529
790 699
446 87
351 207
607 30
620 152
174 831
835 643
931 576
435 273
292 398
974 678
60 162
618 745
640 770
454 344
277 431
403 860
776 450
887 604
266 688
819 292
892 822
144 28
182 484
257 242
553 942
465 592
68 395
427 540
322 909
874 335
624 410
623 199
46 305
309 142
141 547
111 789
205 368
188 514
119 750
510 365
58 114
426 510
120 295
904 357
196 268
775 74
86 703
802 228
860 338
826 238
24 92
488 105
684 151
526 662
440 160
933 688
185 440
39 45
332 57
727 686
433 982
485 533
695 678
612 64
616 3
320 576
670 352
484 723
9 909
269 441
40 607
258 340
683 247
631 213
249 463
802 636
989 239
39 736
778 661
565 360
676 901
471 789
443 616
977 752
136 336
946 321
434 173
259 42
231 849
999 964
792 548
496 333
369 721
481 511
213 928
170 408
842 16
991 753
776 510
61 364
64 432
687 136
525 29
47 297
456 314
519 963
22 121
157 798
554 718
495 1000
395 399
139 140
470 702
624 390
533 980
989 146
573 467
48 194
826 124
912 574
911 200
42 992
297 857
528 203
638 58
824 722
116 768
565 581
206 127
647 99
635 641
511 42
812 433
996 214
726 427
655 997
566 192
90 185
460 542
971 528
99 685
464 478
600 922
323 277
677 718
345 365
274 110
458 391
13 583
307 854
84 428
981 922
952 144
496 60
965 242
100 950
230 973
838 652
843 102
790 611
867 108
977 732
505 179
30 872
356 555
257 712
683 526
601 393
140 259
291 953
143 952
151 413
164 348
103 633
813 757
486 999
219 568
164 111
383 357
685 315
773 742
912 89
533 106
917 280
610 282
258 359
903 277
526 862
528 9
286 297
289 539
384 305
131 540
922 305
797 931
907 175
302 198
197 771
146 791
521 801
498 258
776 982
615 237
945 961
837 307
859 775
162 493
492 804
404 18
722 245
405 839
10 137
229 3
376 969
162 92
290 393
37 908
441 19
81 20
745 61
673 840
358 632
469 634
241 334
668 709
704 822
449 665
581 592
377 205
252 74
65 937
636 416
341 780
90 12
406 984
6 262
561 637
492 624
782 359
526 337
505 427
170 503
722 712
25 711
963 718
820 77
973 601
385 912
597 285
374 238
891 48
394 846
36 547
146 159
451 636
888 810
389 969
696 695
715 127
484 924
544 101
383 170
593 1000
210 524
852 163
805 211
109 582
112 246
39 799
853 711
340 494
36 999
165 709
729 506
490 462
510 5
671 680
791 230
702 278
867 580
742 336
961 543
705 530
488 547
586 164
434 697
127 772
383 750
81 948
729 660
345 975
641 266
483 220
713 840
560 934
254 450
559 600
512 46
301 841
585 326
548 350
72 111
825 695
537 235
594 12
357 114
217 551
894 299
396 946
73 523
774 155
668 698
464 120
393 908
964 317
142 529
915 787
533 448
599 67
323 348
806 341
275 33
820 143
742 585
764 241
245 310
308 95
125 709
173 935
527 388
416 72
34 763
199 215
95 902
578 508
411 975
229 588
724 808
514 916
808 617
825 333
611 380
27 287
608 812
599 391
51 149
880 331
346 603
193 164
446 598
986 889
942 726
787 999
93 308
439 296
679 174
961 426
246 210
213 907
731 834
571 553
199 680
221 400
95 491
558 785
283 757
897 625
214 704
202 495
954 222
724 104
338 223
468 430
182 404
440 883
645 816
581 178
512 967
676 90
974 867
864 117
462 55
245 685
448 577
784 235
824 840
491 549
595 219
135 4
72 60
745 219
214 630
860 188
661 61
275 750
846 123
595 825
581 952
634 785
822 224
346 217
510 588
242 982
794 577
265 149
718 158
730 835
916 476
440 397
448 407
777 818
694 857
699 565
539 792
186 608
650 147
786 979
768 330
916 306
556 745
26 876
192 540
262 612
334 930
380 413
588 218
274 14
577 769
28 33
223 35
749 105
933 866
496 17
104 470
13 772
843 213
568 453
443 619
933 68
540 170
409 472
463 789
725 226
362 408
144 859
26 473
97 861
923 195
1 535
398 531
130 437
903 530
601 334
585 881
123 926
897 605
553 211
239 782
495 634
580 572
720 951
3 351
810 853
814 117
362 92
624 391
936 771
385 3
404 793
153 31
300 154
729 716
345 775
825 525
183 207
775 907
462 386
194 548
215 222
257 506
901 561
722 14
137 668
138 431
727 355
674 365
875 564
825 751
537 163
428 446
690 937
198 902
716 583
384 914
349 822
354 640
622 340
752 819
114 250
401 561
368 556
721 104
199 509
579 86
68 721
903 574
461 446
252 261
363 529
700 785
823 392
868 207
235 570
234 518
415 967
398 179
240 163
402 206
248 686
726 967
950 277
613 90
464 938
49 540
178 248
407 865
696 261
991 310
297 222
10 897
463 233
653 873
47 494
305 763
108 136
914 343
532 858
438 569
929 11
814 222
249 38
213 579
306 231
957 324
390 591
942 488
121 220
25 257
412 991
221 73
850 379
481 228
762 351
419 825
451 476
110 707
326 908
590 585
171 973
603 974
286 302
508 394
490 141
390 92
519 708
352 230
723 473
819 938
487 744
436 590
2 629
557 34
102 897
694 197
492 805
128 166
112 885
614 44
281 456
673 990
121 649
802 186
909 758
128 85
111 34
315 569
579 276
281 633
673 847
786 742
713 606
508 78
293 950
60 903
394 514
155 957
601 669
15 345
660 34
493 175
631 457
674 194
379 57
159 815
825 199
9 946
925 356
907 985
587 333
477 637
93 963
728 421
213 35
86 275
986 997
473 206
740 308
247 772
530 54
786 76
656 438
148 981
834 113
640 905
319 385
165 994
500 471
246 247
504 786
925 936
207 640
678 288
154 452
932 171
71 393
149 719
900 649
280 530
245 438
136 982
141 347
552 94
550 761
597 307
277 791
382 64
757 444
797 789
300 211
709 57
68 183
874 126
828 729
831 746
654 837
489 47
608 947
185 998
846 493
578 791
46 757
218 608
585 325
336 293
747 553
159 463
362 729
436 832
128 49
349 973
133 800
873 211
11 332
87 57
470 163
186 730
371 730
337 798
530 711
513 154
911 326
60 794
13 684
216 520
603 180
768 367
865 941
772 687
23 734
812 664
509 762
359 959
470 988
661 589
310 661
721 338
970 342
142 669
455 505
458 303
496 246
981 81
908 872
910 198
87 835
2 451
465 795
654 905
784 657
342 631
724 643
540 246
101 792
905 599
155 144
505 475
568 759
970 55
450 75
387 690
653 147
512 809
740 614
75 711
791 261
5 526
429 68
14 870
77 466
763 463
334 451
870 145
66 473
358 453
508 434
31 517
456 77
845 973
183 234
612 808
866 552
353 731
484 127
450 486
180 515
474 480
517 652
684 115
194 995
721 328
98 37
458 828
459 461
367 204
25 907
63 199
122 641
124 471
911 309
42 334
503 642
560 399
72 564
158 376
930 241
695 563
163 642
682 894
419 876
631 433
650 144
468 587
379 112
486 773
38 877
367 531
688 434
446 390
644 325
407 297
854 114
322 259
553 645
708 462
901 195
902 548
138 689
531 751
990 41
680 512
312 644
847 924
776 51
647 880
190 741
981 230
196 866
268 343
969 550
683 548
387 99
815 99
47 469
141 48
398 609
793 577
957 462
740 546
961 779
897 547
296 950
169 328
188 252
136 543
230 355
75 520
162 566
328 487
878 803
205 607
689 786
942 60
504 40
712 589
576 396
150 147
689 867
211 419
49 12
33 903
784 185
845 608
257 223
781 870
611 642
941 13
745 404
868 311
525 334
837 460
927 185
510 316
771 215
564 879
339 436
175 794
786 828
841 794
974 30
152 209
723 282
580 241
104 714
871 946
55 673
846 84
884 271
426 355
251 666
472 733
774 655
901 722
774 96
43 246
211 844
103 746
859 72
668 312
117 749
51 528
33 45
332 95
740 172
264 967
742 534
763 852
657 553
471 612
14 401
293 324
956 582
836 825
28 6
393 391
995 184
511 873
299 605
675 850
198 365
739 91
578 199
174 357
982 685
438 655
130 372
792 793
978 912
207 326
482 502
84 422
266 948
734 252
681 496
631 620
559 499
516 688
178 426
92 292
628 662
439 49
480 78
960 216
823 175
165 513
315 124
44 342
858 782
380 606
396 731
645 920
25 7
152 168
233 164
395 405
767 803
441 311
984 928
713 166
585 424
713 355
769 49
458 914
737 357
159 490
396 904
310 834
936 685
664 990
560 105
214 302
806 454
366 85
829 835
746 415
416 320
384 750
210 560
119 276
947 569
750 430
899 698
115 35
206 604
962 198
723 694
307 775
460 287
691 685
51 266
804 884
40 537
611 322
393 787
354 233
892 361
786 58
203 737
956 654
188 352
860 675
463 942
486 581
13 843
425 995
27 83
598 302
321 818
450 598
916 153
154 338
355 463
31 520
35 461
566 955
773 627
540 258
639 244
571 636
240 652
442 440
261 900
922 974
631 624
120 850
248 135
88 496
896 685
839 903
663 437
28 716
737 54
3 406
776 662
747 381
569 877
771 925
297 774
633 374
154 953
926 315
232 249
214 761
234 235
327 826
81 94
832 524
780 804
301 315
576 835
544 795
177 714
312 335
771 712
208 224
158 242
161 190
975 985
483 311
29 127
86 880
786 602
976 116
117 806
741 188
891 259
873 780
251 928
256 436
846 985
673 200
570 935
358 169
797 156
659 164
195 566
364 935
266 677
77 518
354 141
1 605
69 630
588 918
330 866
909 177
190 718
356 722
50 357
30 791
587 86
627 889
715 938
170 666
288 449
397 97
457 214
338 443
619 854
142 399
435 387
438 998
39 829
832 61
245 24
852 48
917 636
130 94
794 233
882 52
61 438
563 812
233 433
220 217
803 554
188 831
852 278
283 533
488 764
842 300
718 507
591 107
831 696
262 365
412 794
270 872
167 544
757 256
957 990
893 960
125 438
186 42
807 41
910 811
90 910
699 248
939 575
868 657
484 154
110 308
766 345
484 323
712 204
159 563
533 482
208 91
589 704
214 193
695 761
309 243
877 784
753 258
346 872
521 132
266 928
218 290
411 828
492 321
256 527
4 933
438 137
621 412
930 579
933 864
859 210
568 884
545 888
873 667
27 106
468 8
160 329
930 805
623 656
402 394
247 636
892 631
162 830
126 631
387 499
719 375
5 977
279 278
691 206
430 166
605 364
219 721
323 830
408 384
671 641
639 29
326 934
900 977
888 399
780 63
533 977
400 691
837 387
438 159
181 472
898 496
862 929
776 976
405 800
466 974
711 920
361 188
327 915
807 389
721 844
573 803
923 988
267 912
566 84
897 313
38 605
427 86
623 18
626 850
890 687
545 472
393 91
199 379
551 289
630 677
441 839
939 64
100 204
651 724
282 985
563 40
892 96
731 290
234 886
961 313
462 798
317 462
400 422
397 922
203 43
320 333
340 128
400 309
772 21
244 548
667 390
710 344
32 927
404 763
44 674
121 113
763 430
841 360
35 417
897 526
143 810
934 995
666 325
942 494
871 444
999 203
14 573
608 732
544 854
754 603
619 60
72 777
235 311
220 738
995 863
771 928
385 109
222 706
620 561
751 425
491 751
438 490
885 435
780 769
195 227
603 750
840 236
713 354
987 335
210 284
585 312
931 260
146 564
988 851
635 686
587 771
660 189
953 173
76 260
902 22
760 673
711 674
603 61
622 267
163 716
226 616
78 505
707 11
506 712
56 151
111 371
294 177
423 791
10 804
891 215
503 229
433 282
644 399
129 718
316 968
191 408
87 603
553 691
661 664
895 517
550 160
338 690
174 692
981 44
196 788
862 225
296 194
938 785
27 82
175 202
198 217
886 106
407 935
999 777
670 891
911 631
576 184
136 585
664 488
503 847
71 395
629 429
667 128
923 314
947 432
295 224
101 597
361 312
15 805
70 336
309 568
951 505
289 322
116 54
157 628
339 273
177 414
714 335
370 393
315 264
10 374
998 15
693 723
486 371
217 858
440 551
647 134
932 119
760 305
840 8
977 776
769 28
788 296
693 78
375 990
621 994
968 172
988 823
205 563
917 253
958 971
894 697
932 990
937 844
759 741
501 789
82 601
342 201
483 59
90 414
997 257
892 57
939 194
859 288
478 706
989 957
114 473
137 150
730 173
986 165
217 971
661 587
77 692
26 646
640 730
15 194
278 799
422 192
835 617
64 663
714 634
397 446
197 890
38 432
288 970
867 88
460 482
921 115
891 846
585 751
6 959
402 423
921 685
559 231
72 645
325 829
628 954
974 682
207 313
544 243
287 369
986 648
917 522
64 424
66 762
52 947
41 936
261 999
408 421
5 781
222 680
857 526
76 938
537 648
41 569
202 462
413 605
620 859
951 477
573 459
991 972
84 744
179 724
838 696
385 85
850 99
763 914
783 201
987 262
970 600
223 856
440 622
724 559
659 744
770 302
214 557
167 769
738 863
119 520
210 134
372 624
613 478
640 122
380 75
146 655
103 465
462 609
411 529
138 891
425 218
272 950
384 727
518 14
595 649
355 876
640 408
489 982
650 373
298 351
95 854
851 992
639 789
998 950
643 760
117 603
522 807
303 234
30 598
875 408
92 879
553 651
570 555
580 728
687 848
835 581
602 376
385 357
448 454
443 733
934 787
744 536
49 582
636 542
396 237
967 358
210 498
292 430
596 380
762 100
174 974
965 833
966 26
734 6
495 822
59 282
576 224
114 867
23 191
120 796
28 535
636 764
710 31
624 220
932 237
80 942
333 477
838 243
847 67
467 911
889 185
943 604
185 578
715 930
993 836
455 542
963 380
784 345
489 485
148 144
197 589
699 775
497 931
828 993
759 911
634 816
604 152
327 547
953 144
204 302
595 583
86 846
342 420
255 845
720 276
662 839
372 763
156 312
463 117
817 867
997 345
781 668
716 439
94 704
777 13
762 597
889 67
228 361
601 977
618 913
584 513
144 766
753 190
844 952
259 735
351 109
833 230
687 647
501 400
411 904
268 535
251 329
825 394
535 563
113 168
116 596
647 961
118 155
412 278
434 250
416 849
715 87
553 368
346 542
844 305
544 93
818 852
247 978
778 433
30 284
675 946
767 280
944 595
288 368
193 387
435 506
718 743
511 175
794 191
16 19
328 261
438 862
665 547
353 950
842 177
995 484
395 169
586 140
475 455
338 53
338 183
128 923
220 49
82 46
598 942
328 114
455 203
77 361
923 669
929 472
68 976
521 153
998 322
589 287
958 556
760 819
137 270
360 449
638 820
142 569
381 309
110 237
937 855
976 251
295 101
778 1
820 900
54 500
954 326
95 648
299 511
462 601
85 418
929 4
865 902
259 541
298 61
282 678
726 149
639 860
910 348
986 206
753 201
327 442
55 843
60 599
556 684
540 809
100 880
670 444
104 371
640 767
74 663
327 75
684 696
956 537
117 531
759 68
811 448
815 342
636 241
201 616
933 807
331 157
973 550
924 430
339 758
66 834
433 589
21 179
421 484
260 806
580 947
905 431
731 973
862 113
8 88
44 752
501 7
925 933
784 711
785 18
948 634
412 778
184 743
390 927
373 253
608 522
754 776
922 972
984 317
219 536
326 860
336 988
943 935
61 914
514 133
453 343
736 285
478 300
723 9
228 681
120 50
193 826
785 606
555 832
519 293
386 419
286 152
713 140
425 113
660 397
533 889
127 614
609 483
148 217
42 932
868 616
426 519
855 354
128 133
253 96
510 453
457 735
116 836
815 976
893 28
86 522
586 216
440 262
383 814
59 748
627 893
485 282
95 607
138 836
341 955
858 215
203 950
42 504
462 949
86 993
267 697
464 979
734 973
384 635
26 788
354 425
482 338
925 468
716 511
223 217
902 940
462 855
341 14
397 300
588 1
350 212
422 193
887 23
528 860
212 285
907 664
89 78
971 24
747 605
412 350
730 449
568 412
986 631
183 541
238 728
991 506
834 419
487 139
363 121
36 801
883 894
922 782
904 781
389 715
729 312
397 240
635 339
537 621
425 767
529 241
982 949
396 40
457 46
918 429
445 730
995 554
447 975
358 158
328 349
400 826
644 597
774 684
832 989
693 788
163 109
6 702
257 519
978 410
745 445
298 780
267 59
396 669
861 463
168 580
975 379
211 742
871 595
367 491
663 558
632 88
261 442
430 695
368 806
854 602
802 225
107 887
806 729
699 875
152 406
601 681
727 185
324 764
458 650
252 398
180 467
674 777
755 462
792 324
631 291
557 700
579 156
997 437
860 442
947 736
288 35
592 17
313 464
463 97
619 744
142 702
530 347
145 255
564 457
774 586
252 562
273 83
529 236
238 517
795 242
687 960
395 704
506 197
89 475
328 507
445 294
675 921
32 885
690 206
880 73
277 605
598 455
140 235
291 785
202 444
131 792
211 70
925 798
219 723
37 462
809 381
187 433
888 290
409 111
102 300
858 902
487 470
95 812
64 339
542 519
396 641
317 600
552 311
827 111
262 222
625 724
945 809
185 140
441 250
208 283
689 300
599 801
488 59
911 485
494 113
901 735
538 571
546 30
824 420
3 441
331 868
232 79
52 250
825 62
347 398
574 835
276 898
688 450
262 693
12 900
915 45
130 783
510 985
80 146
854 34
947 764
405 16
235 574
844 76
867 709
320 464
160 393
36 564
420 939
149 981
460 468
691 368
170 458
36 667
643 501
327 132
238 545
57 721
175 161
72 734
839 894
516 163
957 495
705 382
495 565
461 581
387 382
616 734
971 180
850 375
995 610
433 125
876 423
839 557
663 259
685 327
731 391
676 926
658 641
2 893
422 850
499 125
799 80
747 291
543 138
976 591
993 871
171 751
44 119
393 697
392 239
659 690
162 486
189 799
577 785
931 262
953 322
132 609
495 463
43 326
580 103
987 111
110 242
627 4
433 600
100 396
891 395
194 857
964 341
18 395
146 724
517 995
290 727
899 703
111 381
792 269
367 999
977 887
858 18
753 200
971 273
313 415
846 627
83 817
181 656
187 863
133 285
778 578
771 673
94 226
477 746
758 261
50 380
13 840
143 709
819 838
726 854
435 315
644 973
826 936
387 444
995 851
193 509
321 672
876 86
434 961
970 31
169 372
153 927
761 242
282 61
28 553
430 109
236 324
886 266
382 245
440 860
153 185
7 306
634 322
652 165
148 388
261 675
408 361
509 95
6 889
888 56
905 664
391 945
345 835
456 164
149 143
903 26
465 42
48 30
357 459
267 252
452 304
94 977
419 393
441 193
24 471
479 537
405 870
103 585
824 496
642 947
573 873
522 205
6 42
574 481
135 338
750 367
785 921
627 480
259 858
704 791
546 70
507 430
215 849
808 929
823 534
57 115
920 815
526 559
51 589
27 500
467 765
143 394
38 212
956 591
56 403
393 476
52 270
473 814
762 876
235 804
622 720
588 992
221 713
477 895
98 116
934 847
793 617
788 829
814 273
50 66
732 618
130 426
407 826
88 288
434 884
787 712
741 837
614 477
226 498
57 247
206 355
888 374
27 636
945 209
802 570
250 623
804 156
953 702
129 396
239 473
846 307
102 99
514 25
644 473
231 905
885 504
119 740
883 259
868 525
831 411
433 799
755 917
965 78
793 368
764 989
722 329
756 898
963 49
133 411
557 409
599 98
245 285
622 193
732 804
938 96
510 851
423 840
405 717
708 938
726 210
503 175
765 696
289 477
329 664
365 202
592 18
901 190
886 916
249 465
817 871
985 453
56 431
113 130
440 897
434 387
355 886
505 153
973 894
616 132
523 947
781 139
505 10
88 30
145 425
329 212
131 106
923 198
303 808
162 940
329 165
862 473
511 181
919 114
559 475
942 465
429 130
417 730
649 715
463 423
638 499
550 993
663 510
150 151
686 252
766 407
470 688
306 433
624 444
201 349
720 827
314 932
44 253
798 402
824 873
219 865
236 961
828 669
405 188
888 112
816 253
375 610
28 981
163 870
827 479
404 4
480 738
997 899
524 277
194 592
177 646
642 968
826 29
577 888
742 857
211 995
360 487
764 574
332 885
780 717
512 403
821 407
971 534
705 614
522 20
431 195
414 998
860 594
807 117
336 158
816 648
104 138
855 873
983 276
476 910
113 76
848 249
665 981
243 705
787 102
965 749
455 44
397 10
230 934
753 13
147 884
666 908
39 642
9 708
97 771
973 866
170 593
889 287
853 444
377 115
965 658
213 989
568 708
537 955
629 293
577 394
120 715
726 881
979 251
743 370
357 563
984 291
782 666
306 371
969 433
993 43
297 524
3 867
687 283
177 230
453 369
116 477
234 96
804 212
951 7
129 500
591 44
296 579
339 977
559 578
825 861
926 707
28 906
604 425
452 78
220 418
663 736
480 287
464 110
267 211
876 725
860 242
642 829
807 469
974 126
522 327
975 675
539 117
121 652
794 928
37 950
116 913
9 505
154 754
342 343
306 921
626 994
418 319
797 481
753 855
817 483
747 878
678 556
938 329
777 845
912 932
164 817
401 417
47 655
864 561
601 898
271 236
833 343
483 74
104 373
657 513
51 270
899 604
902 593
56 359
94 227
260 145
299 957
598 286
545 805
765 834
416 895
790 513
368 152
991 384
279 4
269 46
478 407
224 318
706 643
841 440
63 401
681 71
221 390
22 217
169 379
70 181
715 288
623 939
771 82
991 567
10 640
301 511
379 995
371 327
205 756
296 656
561 356
689 175
945 5
874 229
984 605
989 212
279 686
12 299
585 511
803 48
76 758
42 930
83 840
478 986
266 170
37 985
132 695
446 506
330 115
266 61
360 400
124 345
698 24
258 905
890 768
137 296
673 878
716 644
898 729
445 634
608 851
726 469
746 511
55 907
631 424
647 327
246 590
69 975
19 42
989 954
848 50
540 664
355 962
589 671
760 142
35 960
470 497
825 230
204 165
497 437
540 783
522 782
462 853
450 869
363 460
470 352
147 831
338 770
838 703
655 415
214 651
807 752
387 253
742 455
28 249
345 968
279 607
765 870
36 732
18 963
607 7
517 299
331 264
939 585
47 60
123 682
161 841
643 349
93 270
297 281
460 707
545 547
396 91
934 991
22 229
83 505
909 147
54 522
148 699
166 644
230 459
767 48
235 355
956 321
140 950
659 926
344 745
58 283
805 565
974 148
410 527
564 4
567 31
570 289
589 451
182 59
310 236
832 620
674 323
140 619
489 415
197 598
146 1000
20 945
385 372
759 932
978 318
209 8
479 642
506 954
214 507
967 731
751 192
937 796
404 327
356 88
506 557
894 728
972 770
890 663
925 148
780 697
142 870
604 981
950 713
54 434
178 769
498 776
461 404
748 744
416 251
659 169
986 920
941 795
138 600
517 220
701 431
773 98
311 639
136 121
778 648
365 346
646 387
575 315
958 433
743 645
246 487
907 885
730 304
291 676
875 418
322 574
447 355
550 126
700 335
60 238
247 632
840 858
770 957
516 201
518 875
182 552
391 308
46 907
321 536
515 684
255 179
916 72
120 910
640 192
268 144
732 877
55 248
461 641
819 551
840 883
770 481
928 937
197 314
103 349
860 120
148 300
885 475
486 318
159 364
253 1
486 850
223 697
577 779
686 407
68 938
128 79
212 778
510 515
257 365
208 285
672 331
671 342
822 198
259 772
383 46
579 463
7 846
102 584
539 908
260 378
189 588
924 897
542 80
66 441
978 762
437 270
739 898
77 791
975 770
798 777
88 528
19 98
796 378
9 920
24 212
484 766
403 368
406 529
844 48
194 311
758 319
333 928
635 32
225 18
915 378
44 888
830 875
109 970
179 922
773 649
260 988
523 990
283 405
931 513
663 206
857 681
920 782
32 625
417 741
514 269
788 988
989 45
516 451
51 583
524 923
558 194
27 694
836 928
954 439
75 642
41 630
813 400
955 67
45 183
138 363
232 578
448 655
323 813
965 358
876 583
609 452
2 746
63 983
889 948
998 246
985 821
106 310
309 371
81 252
443 501
816 105
10 176
894 310
617 498
395 204
828 887
388 900
850 731
953 34
792 224
261 35
265 32
820 822
143 3
646 158
136 211
122 932
105 562
608 774
570 639
773 954
726 906
673 382
341 472
182 980
924 425
32 592
782 59
846 331
605 748
507 945
199 927
383 194
791 827
226 27
467 287
856 868
605 541
454 107
257 557
495 292
496 317
540 232
248 430
544 235
287 409
198 108
420 62
145 628
577 405
652 780
357 709
691 157
692 578
987 882
491 131
771 85
376 449
379 994
16 114
163 485
149 826
612 965
362 284
370 562
685 169
386 760
390 335
709 35
549 394
757 311
854 851
2 718
846 503
774 368
279 798
391 429
409 50
732 490
133 741
405 868
279 311
124 346
245 531
698 25
592 748
510 603
662 436
115 393
299 62
63 169
998 508
86 794
618 577
487 889
73 925
972 799
920 898
427 146
466 692
923 880
811 40
426 70
233 592
143 103
40 732
510 900
80 205
958 184
437 983
734 579
381 681
368 328
39 359
703 204
355 82
835 476
967 203
645 139
830 193
839 228
475 647
982 268
341 508
109 880
240 225
222 401
170 756
338 658
530 20
334 354
771 258
645 357
299 167
80 521
27 50
344 174
472 355
740 564
653 939
356 829
144 133
681 418
853 740
729 430
732 539
490 410
296 879
248 168
525 66
193 761
216 812
718 589
94 872
656 569
850 317
500 70
656 14
215 493
253 794
235 499
491 909
419 248
576 469
831 679
888 487
245 694
720 736
158 148
23 603
606 544
862 974
461 79
997 877
779 54
214 393
722 310
418 130
6 133
427 976
245 889
172 795
767 708
953 376
920 931
738 970
258 861
775 211
599 911
836 451
124 493
967 619
470 193
53 39
919 772
223 395
317 899
509 534
147 15
898 813
574 682
206 622
834 943
377 936
503 56
51 427
893 496
5 102
668 298
796 279
355 749
700 431
530 455
181 677
493 915
322 292
540 876
579 814
943 337
268 623
201 596
716 109
31 880
592 163
296 352
593 766
63 319
449 134
412 270
783 297
108 509
906 410
398 841
754 395
517 509
773 771
722 941
763 521
389 522
235 770
678 128
654 456
331 311
773 660
504 485
202 40
380 777
227 759
692 907
822 974
349 56
287 230
793 868
623 994
516 488
899 480
96 756
605 152
220 186
165 535
115 916
23 921
814 124
83 242
815 597
709 106
427 380
516 526
900 533
558 385
824 875
958 153
441 285
722 118
278 696
245 571
819 964
841 796
751 257
383 909
149 197
372 434
10 157
928 648
105 25
606 848
772 809
367 121
918 635
647 91
465 129
873 28
622 385
452 409
551 959
459 495
22 481
216 680
665 697
354 522
9 189
929 124
787 394
163 676
916 366
668 415
651 715
730 64
381 736
934 382
518 377
886 583
562 777
82 831
302 756
86 159
142 912
588 245
352 885
441 548
946 592
646 271
17 277
570 715
635 35
304 839
342 983
142 117
109 824
769 855
723 580
170 716
227 309
850 177
326 59
588 810
608 454
739 430
374 471
519 889
559 8
339 941
66 655
175 275
549 34
936 57
274 576
277 495
488 672
269 891
956 155
67 652
889 232
598 704
124 883
219 929
510 96
457 884
758 612
22 396
340 920
923 627
124 994
896 485
514 44
46 369
451 227
43 413
261 622
745 267
802 834
949 913
767 958
277 835
591 332
944 63
750 743
312 441
244 316
40 911
760 823
543 382
537 87
664 61
258 850
794 896
957 220
871 690
431 545
513 808
769 326
254 688
8 688
156 280
167 851
535 796
242 251
812 691
527 424
765 137
624 152
590 456
484 659
221 960
38 62
502 43
303 174
985 3
869 781
274 480
855 417
743 716
136 364
361 854
621 240
604 230
758 395
626 259
236 417
432 797
173 400
467 143
857 795
839 863
108 235
700 487
45 726
601 286
597 145
754 772
314 649
178 180
741 814
335 61
482 579
785 304
20 603
666 469
369 750
101 592
106 230
508 566
879 545
201 138
862 689
261 672
836 788
127 669
789 378
42 785
289 680
271 616
333 159
137 588
211 703
985 784
551 609
755 954
37 967
223 752
208 343
82 304
279 910
346 205
540 295
721 911
168 793
996 263
390 136
543 338
11 325
686 631
821 348
894 674
593 213
594 294
11 466
99 618
808 932
327 372
789 687
21 533
78 478
692 350
561 897
164 855
735 408
645 513
562 894
942 86
759 439
29 268
948 230
761 599
320 283
351 293
585 832
973 710
874 865
70 858
252 921
972 386
756 548
425 778
411 146
804 731
986 738
456 553
204 619
866 587
676 285
804 298
112 266
995 705
306 552
417 819
899 391
244 174
444 312
419 817
766 751
503 991
420 305
439 119
421 984
23 884
734 963
706 822
879 581
262 359
300 174
185 922
2 800
867 838
177 270
31 447
860 5
266 383
852 650
560 201
213 667
798 343
927 881
675 232
860 180
918 604
690 983
674 432
587 881
384 910
367 213
6 21
190 374
651 960
395 415
256 328
663 889
51 573
603 120
236 617
74 870
350 523
556 850
705 520
925 3
655 174
95 861
725 694
686 932
543 997
490 793
933 921
695 814
598 31
708 587
568 94
772 424
296 627
480 496
568 461
454 150
554 224
133 483
434 162
987 396
93 511
520 63
230 568
912 313
363 89
754 618
352 662
978 566
245 85
766 814
874 615
692 916
628 522
790 297
222 831
577 348
504 192
50 244
32 599
399 987
370 665
79 67
102 288
598 677
140 965
767 214
144 384
272 213
382 48
847 78
999 387
414 271
222 744
371 174
135 211
728 621
177 473
675 422
3 613
716 853
337 147
390 423
376 839
987 377
951 194
846 44
168 691
388 652
831 440
872 679
500 744
840 69
745 280
343 114
314 372
777 628
870 353
711 807
994 889
370 63
155 937
617 6
964 381
950 312
521 456
761 979
775 327
9 188
156 309
68 729
416 170
268 696
906 261
817 678
639 935
655 130
843 674
920 188
39 345
422 35
302 285
613 273
237 480
710 516
302 612
51 164
469 308
915 271
213 248
787 841
26 413
498 750
191 721
231 484
820 263
839 229
221 270
4 308
387 68
960 386
687 81
265 928
362 484
145 394
918 271
187 755
615 87
61 278
644 981
905 656
517 345
735 842
978 685
837 230
408 853
72 928
269 890
615 3
700 34
719 198
171 948
745 607
103 157
819 660
20 567
165 522
999 423
825 743
499 635
291 508
775 854
399 149
392 773
300 118
449 852
909 524
949 623
253 178
479 656
370 20
923 656
29 705
220 300
189 795
794 751
870 434
820 611
505 818
163 916
223 556
154 753
158 153
252 236
271 858
788 112
906 502
424 803
756 684
704 783
262 875
502 620
252 67
149 621
933 750
937 747
367 882
904 508
355 858
356 225
863 754
83 836
372 843
47 993
433 789
307 780
380 366
164 643
91 997
521 198
905 103
264 121
867 447
454 828
22 656
209 675
356 598
602 394
571 969
364 969
517 419
744 695
925 670
649 836
411 137
952 915
183 677
184 14
334 563
943 223
684 797
829 196
762 153
340 503
106 206
974 626
187 396
741 813
103 48
892 923
804 21
399 787
202 323
455 887
627 344
137 768
413 335
145 345
676 47
658 590
348 40
757 388
832 869
444 635
638 153
676 958
736 129
132 924
689 61
265 902
935 560
497 524
102 933
765 251
20 920
884 223
43 265
581 793
693 511
115 908
3 859
850 810
448 984
455 837
768 89
630 965
441 935
458 446
19 988
911 334
533 312
938 296
441 784
613 106
775 399
389 80
893 490
789 543
506 345
911 108
255 614
651 611
450 864
270 15
882 863
683 786
721 475
818 567
924 391
218 631
165 172
520 437
153 684
924 399
995 215
795 154
335 333
265 623
658 238
554 815
28 410
948 603
677 35
606 91
184 648
645 517
524 858
841 298
913 853
484 491
594 530
847 452
461 521
713 45
1000 324
572 913
999 9
729 477
650 710
554 720
613 245
633 57
409 7
159 87
948 1000
128 937
292 884
638 467
318 972
813 831
710 870
269 612
239 330
702 854
654 611
372 297
449 796
287 832
699 128
24 392
47 251
29 649
637 468
929 411
960 754
616 878
147 450
924 666
229 66
547 933
367 212
685 847
959 432
47 166
929 229
90 171
402 799
755 183
336 39
122 760
547 643
553 834
520 85
560 278
427 766
962 150
302 879
811 423
636 80
708 549
490 618
513 561
753 148
757 708
423 938
387 37
855 935
532 506
330 830
113 134
833 141
248 667
782 70
86 339
500 716
18 915
22 901
27 99
579 590
123 730
621 183
566 856
150 548
183 632
57 696
442 694
667 435
227 360
654 175
452 515
199 758
862 50
793 585
636 651
777 589
352 704
92 344
93 49
645 650
541 809
379 940
529 865
359 210
144 385
949 444
248 53
913 595
823 240
36 262
386 501
875 769
272 500
516 671
756 4
480 375
640 136
304 37
146 952
264 428
699 172
257 497
81 149
546 232
54 192
440 340
280 189
119 490
979 637
967 632
108 889
401 671
495 295
243 310
941 713
428 412
746 419
694 899
734 876
91 250
293 618
938 337
688 87
981 733
966 16
267 631
731 394
608 447
223 382
787 277
446 866
930 412
346 855
419 897
247 21
530 297
769 907
607 630
880 317
843 899
700 520
577 243
133 437
801 395
804 574
511 998
494 656
170 714
410 988
144 801
715 474
757 875
103 889
890 76
714 158
456 610
473 516
995 651
500 363
942 390
466 327
799 539
50 6
657 502
343 911
783 594
164 121
844 924
637 982
740 861
619 164
418 661
774 734
810 687
685 305
867 594
245 330
463 391
84 840
103 156
395 175
412 839
789 405
240 582
520 536
203 798
300 224
652 13
893 703
793 97
22 381
81 983
953 846
914 53
447 736
710 686
646 710
888 144
281 294
7 594
772 888
385 256
314 166
812 105
957 880
63 801
798 172
581 804
450 294
124 305
140 558
682 653
202 883
385 433
688 54
686 545
220 465
822 161
608 381
205 548
629 729
261 159
946 921
285 9
289 206
760 535
7 572
855 152
316 592
942 772
100 239
48 514
414 593
221 941
275 237
479 117
942 887
462 893
56 508
523 640
673 371
363 373
994 305
435 34
341 342
967 6
785 615
365 432
517 307
95 219
544 127
323 851
184 638
459 644
838 384
734 49
222 869
541 719
672 642
800 439
56 416
291 812
667 153
890 286
469 837
932 35
221 164
272 286
718 487
405 30
796 705
102 120
362 925
624 504
497 690
746 39
49 221
116 211
888 172
707 912
402 298
124 742
859 893
16 561
642 797
292 646
578 927
209 32
232 351
418 236
256 255
60 973
985 148
229 190
581 681
431 598
507 308
343 170
591 139
627 487
976 221
194 182
363 789
613 105
742 583
599 202
694 762
511 634
299 366
997 411
200 761
63 366
800 952
29 266
159 923
29 873
740 322
796 44
854 222
639 604
145 166
939 622
971 30
810 144
450 628
504 601
216 77
776 239
724 301
728 168
36 815
109 911
438 649
314 585
245 127
466 380
528 655
965 854
164 203
239 657
575 967
923 366
28 522
377 152
163 898
455 965
774 791
900 598
118 641
84 785
984 287
755 604
188 823
127 150
670 792
432 481
654 524
785 419
418 844
176 284
723 43
789 997
853 948
729 766
805 561
993 817
228 986
48 160
858 625
354 760
769 192
745 851
659 753
492 870
377 841
120 417
945 656
584 80
508 24
825 842
272 710
369 326
646 936
125 775
115 279
267 586
935 27
885 936
711 496
507 62
75 274
76 41
707 345
800 853
627 654
41 279
521 29
401 435
653 41
467 525
303 243
143 282
649 161
969 604
540 13
924 920
675 782
412 696
144 966
531 306
442 695
810 755
64 237
136 298
908 952
66 567
378 398
187 745
350 359
62 571
766 559
715 287
952 571
614 611
475 910
689 952
853 645
430 174
344 939
809 359
477 145
478 602
857 627
417 590
70 256
917 265
666 11
942 180
195 241
634 758
306 573
629 817
465 484
301 886
860 235
558 220
20 994
149 194
443 493
656 857
909 712
346 272
630 718
588 909
341 539
289 944
471 424
703 150
772 955
441 109
684 223
959 471
797 280
470 224
972 802
848 464
591 568
777 852
618 742
857 422
360 138
626 68
454 564
4 867
688 504
262 687
302 648
837 809
762 604
47 956
910 506
514 931
329 703
881 122
844 74
717 980
468 854
696 69
881 203
455 440
949 285
26 616
27 209
643 734
856 311
565 337
587 441
156 743
813 951
118 13
579 557
14 376
287 991
553 394
458 78
245 134
528 696
249 696
368 751
92 543
553 27
894 8
361 554
306 157
434 934
680 914
956 39
741 823
652 296
339 31
501 977
434 825
440 838
488 212
115 964
371 366
652 226
547 339
892 992
253 878
309 556
990 429
767 837
573 524
222 714
150 295
765 992
194 751
447 739
837 407
548 222
556 321
7 123
530 932
968 41
422 566
135 77
876 865
369 983
105 139
802 35
841 543
401 634
291 268
557 331
289 869
299 196
794 830
209 374
581 904
47 626
801 106
765 281
587 537
782 370
711 440
644 375
238 890
259 659
518 556
29 293
161 725
80 259
35 681
87 704
143 338
660 616
138 66
984 200
675 815
279 3
930 869
770 974
141 845
994 16
638 2
743 431
249 95
856 49
783 512
199 697
439 334
334 672
61 312
409 271
800 456
932 221
606 12
273 456
827 993
224 218
277 256
58 657
79 5
210 948
67 581
448 961
638 268
749 280
524 402
993 187
22 431
456 577
486 152
440 576
457 998
337 328
154 910
250 823
586 909
310 5
367 476
974 44
613 468
885 415
154 561
927 158
737 747
719 792
480 687
419 708
470 846
876 837
592 736
459 621
444 953
525 960
401 614
309 117
259 832
920 902
479 805
265 247
194 183
547 584
470 40
459 313
612 449
647 322
707 495
48 592
894 899
54 828
699 659
262 631
998 685
184 223
717 779
593 261
846 593
698 758
645 852
191 420
982 401
532 480
626 455
810 14
521 113
999 758
731 66
550 196
364 47
950 802
316 202
908 518
861 610
44 828
50 493
13 247
696 455
623 756
455 678
296 53
136 670
356 825
322 761
336 202
758 180
248 317
266 676
932 241
843 406
993 485
499 364
740 790
210 777
541 835
260 281
231 925
788 912
956 350
206 357
499 285
927 720
227 778
11 841
159 81
749 881
353 864
814 983
966 754
698 884
384 244
797 608
162 773
447 315
379 593
286 255
750 576
567 26
825 623
71 939
662 266
315 669
391 800
508 170
475 83
669 471
732 377
73 556
134 221
7 865
484 18
266 429
489 700
473 295
313 142
370 105
664 487
315 857
561 545
599 233
379 10
342 114
685 496
592 121
356 266
660 706
934 417
892 315
880 275
551 424
403 712
939 394
429 568
455 356
994 687
646 492
621 181
325 904
677 227
281 214
793 591
779 940
27 899
399 951
236 379
663 22
336 893
922 924
939 854
317 469
118 883
944 228
913 823
138 274
679 776
611 942
261 963
188 869
995 591
945 358
378 599
254 482
510 72
718 429
573 374
317 696
746 858
818 383
33 925
783 911
932 459
477 434
736 105
902 374
941 404
448 727
604 414
716 916
685 911
543 497
431 811
396 926
661 102
862 825
846 162
977 465
462 683
599 830
485 202
609 526
519 153
33 74
643 913
807 226
42 296
61 540
872 471
584 299
579 594
398 493
825 71
306 687
424 616
170 116
78 533
190 115
816 654
191 286
195 731
91 922
402 35
596 885
820 53
25 377
556 211
863 441
705 779
251 321
990 820
922 572
151 834
373 862
322 492
912 388
770 632
218 557
537 867
238 552
481 309
99 226
285 649
126 521
782 7
973 796
23 501
151 32
120 610
122 432
340 111
268 508
434 980
198 5
102 481
729 377
804 365
680 915
628 617
791 97
802 666
782 668
126 378
430 826
970 855
221 207
745 493
546 518
12 174
966 683
144 382
163 42
680 320
521 988
906 654
798 496
980 499
620 554
968 475
876 700
607 828
685 98
850 350
829 828
336 308
400 60
894 315
402 579
239 98
689 321
228 113
565 734
128 479
534 619
424 806
332 151
295 29
777 998
467 904
449 661
191 901
656 933
958 822
427 314
679 661
484 953
774 398
289 189
604 776
535 792
772 702
688 485
962 220
123 88
565 97
512 147
986 214
289 302
200 735
714 764
217 60
971 231
165 292
477 626
77 536
743 891
653 591
268 563
839 420
455 415
189 47
763 246
330 260
27 777
911 856
861 541
183 561
58 973
187 675
830 923
526 432
678 351
644 859
978 765
316 500
428 72
687 231
958 217
207 66
923 309
374 721
549 339
367 963
594 19
953 683
419 195
791 363
150 337
278 794
816 349
616 991
410 386
103 275
729 736
72 189
804 246
310 107
386 443
444 741
709 191
314 201
505 574
119 654
634 926
451 80
270 692
141 788
474 275
494 281
500 547
357 102
450 264
146 402
915 942
554 279
884 329
152 386
6 45
7 892
963 90
485 258
693 158
161 37
43 895
617 364
47 529
398 421
844 173
973 271
242 283
226 756
831 666
837 42
237 20
296 506
886 899
905 128
815 397
925 349
450 895
180 148
662 940
681 208
42 149
924 27
857 40
105 819
35 804
532 592
274 448
701 359
813 877
856 496
178 804
964 923
804 624
731 944
658 744
118 74
141 1
934 838
683 578
922 790
580 814
136 671
516 734
641 934
197 477
719 357
406 30
465 562
301 332
874 414
326 801
516 497
774 789
763 734
893 515
529 890
692 722
70 282
642 443
314 792
297 590
951 167
718 449
991 823
408 332
764 647
432 114
805 575
135 120
619 285
983 852
608 106
408 221
651 230
547 985
31 328
348 476
24 47
980 777
821 267
234 471
327 566
733 559
555 467
310 227
431 628
824 400
793 411
462 622
627 238
929 107
986 108
825 506
32 232
320 558
104 149
472 921
324 922
109 412
256 618
403 493
612 117
995 327
613 796
56 628
635 828
561 689
377 540
878 683
416 96
626 409
78 728
743 818
925 289
161 668
915 503
441 636
504 520
700 428
263 975
910 62
265 40
994 210
193 156
175 36
40 249
131 194
443 724
507 749
805 14
314 619
4 483
278 134
211 225
54 633
404 600
940 634
729 397
378 741
130 56
913 49
118 739
727 819
210 443
534 145
975 1
926 607
374 904
547 262
777 901
36 257
419 155
186 242
245 661
267 95
713 227
950 240
182 110
310 83
42 981
849 483
561 55
563 828
850 951
879 315
461 175
186 468
703 617
210 731
124 296
15 683
953 302
534 733
622 543
778 131
217 619
609 525
42 646
265 189
288 581
80 108
542 90
765 371
252 426
769 750
453 909
919 660
830 465
601 943
164 875
809 602
518 370
385 790
375 227
327 673
86 144
877 123
860 847
810 52
596 741
317 452
545 161
69 675
109 162
751 535
509 387
905 297
151 663
268 671
530 198
783 264
571 798
635 407
28 319
140 417
350 438
689 760
672 266
822 828
87 909
348 691
165 835
115 680
459 618
944 906
266 746
463 502
418 545
883 687
934 537
813 744
596 8
121 232
672 744
529 177
714 127
110 860
978 312
170 781
780 70
305 34
839 549
474 619
131 762
171 569
98 635
144 383
474 538
591 53
742 387
998 25
374 775
439 105
14 969
884 80
993 611
957 796
104 642
138 361
710 572
987 345
458 921
612 634
336 309
727 283
267 857
417 148
96 469
993 601
780 537
641 229
311 962
684 189
595 618
411 547
964 349
33 85
342 473
437 507
255 639
265 42
787 429
475 850
706 167
601 907
32 145
470 492
172 688
661 132
458 428
920 761
530 231
52 964
878 328
492 131
791 595
739 130
299 549
32 120
565 258
382 726
588 101
973 733
478 69
406 678
78 899
576 293
528 99
213 152
677 297
735 103
169 66
561 906
454 109
61 197
173 395
819 425
802 955
183 726
22 208
499 741
249 974
849 879
502 986
552 334
527 702
182 153
295 670
331 673
760 301
409 47
46 436
840 453
185 528
701 744
23 988
102 127
358 469
14 769
590 800
902 540
996 607
614 154
319 458
512 534
875 714
803 57
371 27
978 209
615 260
180 563
72 412
751 324
9 397
63 838
677 966
733 970
347 179
590 109
846 155
445 514
176 7
104 924
765 473
68 895
566 234
471 338
368 529
21 687
246 982
997 166
247 267
431 704
786 593
805 458
464 403
157 363
726 351
678 722
55 817
721 317
7 690
584 755
464 967
97 640
132 129
929 793
865 667
558 376
209 643
374 199
85 16
910 35
364 41
754 353
922 629
668 17
302 275
505 133
108 38
75 183
972 447
875 332
583 23
948 432
877 502
537 971
822 61
277 576
443 824
680 989
273 281
187 319
340 279
692 556
819 675
182 353
440 768
884 891
593 908
414 276
21 158
22 329
704 272
577 518
690 287
620 988
625 818
93 892
556 372
638 814
980 564
828 230
2 684
251 541
33 322
729 925
822 66
381 146
823 831
348 477
884 319
850 891
263 356
780 594
309 38
630 906
242 971
416 611
208 199
104 994
403 824
564 556
266 427
711 719
220 566
938 377
43 23
959 13
216 577
342 1
722 611
225 985
669 104
359 838
450 958
165 409
555 1
518 407
635 831
565 88
948 80
930 487
971 209
350 814
460 346
229 779
283 243
963 629
401 140
956 730
539 418
23 269
942 541
526 220
13 823
863 101
386 875
60 374
499 782
632 985
528 960
140 446
291 570
737 606
666 594
390 818
652 545
943 34
76 178
909 462
369 707
301 286
230 652
162 932
936 67
871 397
874 499
302 120
387 248
650 800
782 561
732 868
219 603
738 309
206 327
188 982
268 246
27 592
488 616
451 380
417 572
897 842
332 681
304 74
12 283
729 735
432 317
182 111
907 14
660 334
289 370
884 236
465 106
798 180
586 594
879 427
485 200
693 307
328 653
380 97
389 3
941 598
891 343
13 663
622 229
896 550
355 946
251 101
802 367
808 752
123 47
674 917
108 313
694 592
364 851
844 69
783 909
207 647
818 616
545 160
181 564
616 267
335 815
452 605
74 347
368 116
95 227
49 527
526 43
196 842
35 588
130 328
810 486
501 41
856 88
702 900
389 361
364 279
537 899
336 263
539 93
814 337
219 665
152 906
222 796
687 178
876 265
206 304
939 965
154 151
871 6
533 843
359 242
331 789
63 766
871 151
631 909
512 924
241 828
499 68
599 521
491 735
970 567
646 698
314 51
285 557
561 82
931 160
293 839
510 471
383 943
901 536
760 974
375 975
582 635
612 714
100 294
851 614
949 189
253 256
254 555
161 538
78 341
315 933
392 326
723 661
859 64
76 142
204 135
467 891
178 762
910 699
526 971
177 870
219 122
480 742
858 538
35 957
441 586
354 253
626 590
446 725
860 963
610 938
517 430
919 270
777 305
619 568
88 896
18 983
461 493
562 664
781 323
302 359
819 59
843 129
866 98
510 518
190 568
651 123
69 329
567 734
17 166
878 901
719 387
840 744
140 362
992 931
495 592
32 867
460 949
762 277
653 98
747 75
947 445
491 777
366 743
828 392
386 151
373 485
510 134
112 593
3 386
412 572
813 493
720 422
27 536
600 454
448 627
418 919
814 809
981 268
175 881
968 505
876 674
589 471
171 478
978 206
444 854
525 539
234 366
882 434
202 768
245 878
11 234
868 771
471 508
464 118
483 466
64 848
463 147
877 766
569 309
440 511
149 473
778 43
906 228
484 968
699 551
648 369
741 160
856 950
774 888
56 190
117 987
449 401
381 674
790 872
938 55
579 827
617 396
835 453
564 141
713 929
921 920
777 476
726 937
160 458
308 754
645 221
443 605
759 211
173 716
544 32
709 938
982 374
216 81
681 137
57 679
559 232
766 932
359 374
912 956
914 257
828 223
524 704
844 928
801 657
532 807
993 393
847 338
26 240
889 72
44 492
554 586
832 952
317 544
546 874
374 563
895 503
699 328
754 949
136 846
68 265
720 840
619 398
693 651
659 791
987 482
482 538
591 236
974 156
79 312
432 195
548 273
417 369
989 417
974 15
498 380
922 490
82 383
637 495
965 456
414 70
132 659
119 541
860 733
659 610
367 211
961 351
206 855
401 583
609 592
189 544
708 780
640 484
237 212
733 719
5 222
760 595
917 327
125 734
389 192
473 101
981 806
602 45
345 60
702 64
26 737
673 334
857 153
571 903
554 91
488 430
153 738
88 969
765 913
143 663
719 359
592 297
445 459
908 549
451 914
692 892
930 825
532 741
537 821
19 522
459 755
23 466
110 594
1000 941
819 115
801 716
884 523
226 333
745 843
139 590
694 380
292 32
365 662
24 958
831 925
795 411
527 576
785 353
201 106
537 704
184 792
885 621
723 237
597 652
491 977
771 803
990 437
224 180
56 741
781 403
118 528
139 189
656 97
345 992
495 878
611 689
704 381
819 604
548 166
201 469
851 367
639 590
862 941
759 239
578 848
426 453
251 281
335 567
584 225
214 428
984 827
347 77
348 418
521 528
774 194
376 555
397 853
146 599
349 776
613 203
261 166
531 696
744 673
290 342
560 344
835 238
394 488
273 745
983 808
649 406
47 971
838 834
216 461
507 222
94 466
60 582
189 294
62 12
1000 461
123 46
485 651
217 37
16 774
131 501
451 301
83 908
209 697
599 492
341 460
326 272
186 388
274 503
957 146
995 67
253 346
286 930
786 90
661 874
421 501
95 226
777 357
597 108
874 675
265 601
235 999
491 113
934 829
353 368
689 766
36 791
574 287
896 944
89 404
349 228
313 950
153 905
761 220
193 408
490 330
351 699
179 970
757 57
975 118
500 22
767 379
158 692
32 760
658 221
328 159
571 333
257 133
942 212
304 152
949 760
969 154
756 246
495 130
645 907
304 119
407 951
383 985
811 632
205 297
832 573
390 389
708 384
410 591
431 859
693 628
840 24
894 431
678 317
971 894
578 948
284 527
581 815
674 387
802 204
361 132
508 237
290 408
343 175
354 711
261 265
319 7
211 902
696 550
180 383
134 152
119 378
545 263
284 301
12 892
859 163
642 711
131 913
230 692
797 105
601 536
17 737
260 469
856 586
982 30
416 59
53 314
860 702
94 462
105 715
240 366
612 158
406 565
339 530
510 786
640 15
878 708
40 917
394 960
766 688
575 796
44 852
657 428
463 802
246 86
639 389
539 139
353 156
500 293
528 664
784 818
809 129
258 137
352 340
776 470
260 591
870 554
447 847
801 869
896 779
205 928
164 35
495 595
975 165
602 891
931 771
909 243
248 3
111 362
144 462
474 589
71 669
992 130
562 362
495 817
560 966
560 598
585 21
624 509
922 101
736 135
292 941
719 966
582 442
823 932
699 122
457 635
331 679
408 17
619 53
157 362
362 696
937 926
498 424
595 810
233 536
530 791
876 833
593 469
60 970
997 83
154 735
854 676
911 295
552 934
241 283
392 355
237 239
163 660
739 629
386 294
389 90
781 840
69 950
252 492
215 728
255 927
346 921
99 355
706 137
156 234
428 647
674 875
34 522
113 3
653 543
963 667
626 451
153 591
134 704
709 792
636 808
602 360
223 925
640 743
520 443
521 1
377 464
862 201
476 540
761 442
687 934
362 407
456 592
148 878
439 313
948 909
297 256
254 140
528 275
1000 848
533 750
198 505
438 866
25 319
813 302
631 555
409 152
192 280
988 308
365 979
645 801
942 157
516 662
414 282
822 695
811 674
331 988
405 61
797 971
558 643
923 95
819 579
915 284
422 912
6 851
372 311
766 67
825 627
861 373
607 881
186 63
519 403
816 90
989 422
620 764
346 313
668 894
634 800
713 320
125 171
762 948
996 290
445 548
290 307
845 3
294 267
846 868
684 135
375 212
121 941
158 362
252 385
199 283
716 391
809 611
682 243
879 214
596 861
298 248
195 624
441 168
627 661
351 125
706 28
174 542
32 51
783 128
657 849
450 753
199 974
971 49
899 812
203 395
134 831
356 763
529 287
288 395
679 593
95 286
614 826
856 126
585 512
966 135
344 146
420 239
494 872
135 516
391 414
932 130
441 837
165 829
440 178
62 655
871 399
681 854
370 656
923 510
602 819
586 156
514 209
840 834
705 210
537 368
149 890
280 711
745 925
690 430
766 413
663 135
658 656
474 517
241 790
22 363
798 408
174 406
649 973
862 515
480 269
279 158
712 936
491 655
607 853
719 815
998 338
836 9
488 151
827 457
115 409
976 892
134 34
36 359
980 808
656 558
24 136
156 413
618 434
747 892
768 7
473 263
660 29
842 920
238 1
26 945
526 578
85 402
838 816
431 762
531 808
824 286
146 374
812 711
483 203
907 605
88 537
866 754
927 662
218 356
700 800
517 150
76 74
353 145
851 904
149 665
843 808
551 507
298 367
261 959
820 488
507 831
753 59
991 1
60 421
153 765
706 403
853 96
529 362
539 831
662 590
539 305
647 842
892 569
683 638
939 648
943 192
681 81
495 713
300 553
116 374
196 618
213 596
25 326
499 699
995 542
857 545
35 317
311 216
813 374
616 856
763 667
396 378
273 970
145 574
864 306
2 961
438 257
858 73
432 430
714 216
701 263
427 741
965 365
894 93
881 866
419 265
242 732
918 829
354 994
470 948
915 553
788 281
536 306
845 792
205 441
120 367
554 639
806 653
990 559
662 417
314 275
450 339
342 365
534 623
125 556
600 298
851 729
116 450
18 510
453 989
238 29
848 433
341 174
479 861
273 724
661 457
806 360
609 889
761 722
961 286
464 712
677 500
643 572
437 523
791 620
593 685
243 852
160 416
550 221
532 440
425 92
597 158
763 138
455 296
574 166
297 154
151 211
187 169
200 880
571 684
644 944
61 194
454 472
702 905
734 59
595 115
832 47
463 67
908 204
144 33
55 443
741 854
978 648
960 131
279 365
429 192
713 225
857 573
36 102
797 885
836 909
998 994
396 286
749 904
236 605
983 928
558 86
137 922
158 800
984 551
628 414
22 275
745 350
391 938
598 966
12 477
659 874
237 682
680 463
955 215
370 269
867 931
941 472
121 709
617 933
393 851
67 388
983 146
822 20
237 972
418 230
368 901
223 521
388 978
318 279
928 551
345 411
441 936
918 682
922 639
731 91
591 767
596 971
782 416
765 312
696 801
952 395
739 965
522 933
77 679
522 820
179 427
634 980
588 53
810 11
132 19
298 295
643 425
244 754
904 987
333 799
688 882
992 149
749 668
790 571
786 507
495 406
98 6
782 911
273 141
681 24
754 638
214 449
525 151
945 995
265 993
917 201
415 307
644 827
739 383
118 872
746 577
619 213
781 126
88 299
326 805
519 974
810 734
480 149
745 932
395 156
359 167
257 851
476 65
206 366
358 101
254 90
936 791
702 974
788 755
419 368
537 437
888 95
262 238
257 632
668 968
225 530
621 808
401 795
272 685
42 543
828 978
43 362
59 558
388 936
807 356
648 755
612 652
579 477
252 19
418 381
114 12
566 916
208 73
9 136
467 836
746 473
582 867
18 726
114 415
890 524
962 145
238 836
132 209
995 331
812 627
281 973
468 713
787 87
100 828
265 321
431 436
531 90
199 56
713 704
237 662
189 226
355 198
805 296
648 109
354 18
961 250
467 369
838 288
855 642
514 618
400 342
93 503
937 113
779 850
448 66
636 531
580 782
176 636
853 286
670 956
970 90
793 707
5 963
300 981
709 319
106 772
404 971
461 550
887 928
853 624
344 544
537 375
922 187
979 966
447 612
842 370
276 380
538 75
483 848
712 549
853 850
747 307
806 900
328 67
55 400
917 501
591 194
370 450
633 312
690 657
964 48
729 845
659 674
326 717
2 655
521 645
171 268
278 544
427 934
798 187
584 227
289 985
661 97
426 338
523 64
637 615
565 117
314 495
902 36
150 857
310 915
8 669
51 609
712 357
236 824
682 837
8 252
506 369
226 713
405 758
992 141
651 706
835 353
85 258
506 297
911 60
588 159
422 91
670 335
668 263
338 926
820 509
431 475
226 811
389 783
839 447
643 592
682 502
443 534
796 18
874 798
726 983
749 462
718 935
421 499
5 756
155 11
304 719
305 666
331 458
226 252
853 321
981 380
305 747
813 595
652 343
451 686
242 631
207 117
887 535
709 275
323 616
586 46
54 712
736 415
555 949
771 240
974 905
151 370
101 547
338 151
283 570
788 597
162 379
184 933
336 636
562 134
67 764
230 24
764 330
694 395
197 865
144 371
847 219
584 928
651 324
524 206
286 169
513 379
491 733
116 198
561 87
929 491
654 1000
401 850
186 500
286 891
279 893
466 932
506 905
267 861
694 68
422 456
65 670
543 353
391 756
712 163
968 781
287 551
751 2
665 755
495 320
668 726
800 582
998 601
656 922
569 399
76 137
901 328
575 161
108 634
489 520
863 762
789 515
188 256
854 491
450 997
513 255
22 1000
939 299
62 46
783 74
978 136
647 907
856 362
821 948
931 383
60 330
98 245
709 947
164 504
438 715
829 506
329 264
240 989
867 264
631 803
758 355
943 231
47 402
45 639
425 654
580 838
266 650
448 825
865 168
538 382
244 851
266 541
267 300
608 758
704 153
462 185
562 219
767 150
310 509
633 150
580 395
124 515
382 451
921 57
555 456
836 172
824 461
400 632
810 429
976 551
668 997
426 520
884 436
391 826
43 735
140 634
569 600
197 615
664 836
612 538
812 68
392 519
779 149
877 618
593 240
720 427
561 861
582 757
397 923
253 289
146 669
94 767
534 520
591 585
495 356
213 938
786 589
808 941
437 475
424 918
423 856
249 48
656 789
454 630
40 710
402 981
846 552
467 649
708 969
980 787
330 691
717 773
810 121
332 485
613 884
925 344
986 806
574 97
740 329
703 327
981 97
496 117
317 121
744 667
692 155
511 935
296 172
593 938
927 553
834 436
340 61
112 180
311 460
168 102
245 120
984 456
514 425
752 100
456 673
661 413
616 755
675 710
743 128
788 815
490 477
130 81
442 367
353 920
675 343
722 605
326 949
540 500
499 483
137 804
210 914
124 972
282 484
988 165
736 310
366 625
289 347
538 116
524 7
140 824
215 340
326 599
366 992
737 220
21 11
354 453
171 658
944 402
564 923
610 739
915 755
78 71
443 454
615 292
592 563
647 105
6 115
923 961
301 557
829 811
756 381
546 15
171 996
512 387
630 825
722 460
198 693
417 513
219 330
960 836
685 617
377 950
543 607
51 437
949 404
882 921
955 815
725 358
394 725
469 127
146 50
27 349
28 50
71 883
479 475
887 462
576 645
368 76
297 64
616 418
943 441
670 643
284 73
193 256
819 116
365 514
169 303
814 313
411 486
817 913
624 123
255 215
572 251
187 351
107 484
879 898
382 174
974 946
477 462
162 642
664 704
655 444
82 173
300 244
482 755
266 932
504 423
805 589
664 623
202 530
576 267
633 334
253 165
55 403
681 576
426 561
285 362
215 233
200 158
594 50
298 759
941 287
978 235
160 619
956 682
437 113
534 577
494 2
389 510
484 60
582 829
553 789
973 240
977 245
156 270
599 26
768 136
886 546
480 826
834 905
427 357
393 213
674 333
181 798
717 892
920 738
872 251
446 338
818 284
416 897
894 812
143 470
649 117
762 726
189 789
140 436
535 987
312 705
4 31
868 478
526 188
50 333
507 942
203 425
386 843
79 746
904 916
498 743
140 350
985 13
770 997
753 795
687 88
984 17
292 496
876 861
847 358
504 968
463 105
552 196
222 768
979 399
339 36
486 917
935 848
37 405
442 295
334 361
304 268
75 703
421 903
82 145
818 285
413 535
451 348
204 275
415 185
721 622
986 717
387 920
444 735
564 940
11 996
432 63
305 263
515 404
58 73
979 345
409 737
410 586
932 715
772 864
348 274
884 204
423 448
850 940
485 135
512 301
987 205
399 363
147 258
664 152
224 671
155 799
295 765
161 162
931 386
860 484
203 555
224 526
668 727
225 827
355 756
906 204
466 711
329 913
897 391
204 471
77 863
124 503
669 269
640 88
621 674
255 996
574 872
449 362
636 33
930 440
470 481
401 302
812 564
245 480
17 350
807 883
631 344
970 98
143 347
868 498
635 997
925 661
178 826
294 338
865 604
256 996
331 280
425 979
52 662
606 213
238 697
863 694
26 361
528 667
265 971
483 151
628 548
66 405
294 590
605 308
127 976
365 859
918 403
425 542
889 33
430 336
836 632
934 583
291 165
120 977
853 594
393 988
608 870
949 729
228 388
326 616
41 744
760 16
153 422
553 992
580 283
263 89
193 933
56 663
951 236
580 170
971 799
349 939
704 582
233 914
414 249
695 280
882 257
20 16
441 61
152 392
338 209
744 290
120 508
266 432
142 743
78 437
363 781
310 600
919 874
872 869
116 671
726 336
764 3
266 930
977 846
27 451
355 974
473 97
29 145
131 652
165 369
130 962
829 714
99 501
504 643
963 668
471 941
496 231
339 563
943 523
105 821
860 931
152 866
544 36
250 77
494 434
39 975
905 501
778 845
433 500
715 410
251 148
170 541
617 695
410 44
105 876
472 167
222 841
294 618
398 211
740 427
210 768
728 893
620 827
515 161
628 734
349 459
741 985
44 383
500 73
548 63
896 520
163 27
681 298
710 669
193 784
250 739
859 691
861 449
811 564
719 935
447 288
799 31
694 227
163 889
515 492
801 476
58 1
610 939
387 865
707 884
486 409
750 570
357 959
863 889
328 672
544 823
160 576
473 488
988 746
848 349
96 402
115 366
377 859
232 50
950 298
509 698
677 466
211 816
329 937
385 659
575 248
812 734
445 771
392 145
964 545
34 698
165 388
384 597
887 171
959 238
35 1000
164 716
829 750
521 5
540 871
706 27
265 327
421 489
455 460
443 524
26 540
551 519
818 720
213 234
861 558
494 765
649 342
92 924
217 586
528 596
399 273
202 95
849 904
351 562
800 408
54 627
10 119
18 573
862 458
644 793
939 847
887 525
49 337
568 531
532 950
171 834
649 758
538 38
956 377
68 361
387 422
144 265
175 160
497 737
470 572
491 755
78 49
229 183
978 3
245 512
627 511
766 98
159 336
92 149
112 891
444 794
381 177
272 651
238 298
771 739
115 333
745 54
894 657
254 560
238 405
702 548
24 139
171 44
651 998
764 869
677 874
570 154
533 278
592 830
310 913
919 829
170 236
318 444
599 21
512 31
588 266
972 937
864 546
773 168
632 574
924 772
877 705
68 594
967 870
130 769
686 974
378 365
325 674
128 378
956 516
994 691
612 230
886 973
946 558
969 919
127 507
933 820
244 645
649 197
451 997
415 582
880 389
735 9
991 403
479 335
190 694
820 265
658 156
967 426
550 406
97 798
389 740
283 353
305 745
92 535
218 854
421 723
739 296
939 794
391 511
641 992
89 547
610 455
338 258
912 907
236 741
625 659
384 405
311 74
154 771
317 725
176 983
188 883
186 144
225 382
889 983
428 53
49 168
695 17
382 308
422 480
443 400
483 735
409 736
375 597
983 794
681 972
81 232
512 302
237 997
720 449
565 166
983 120
716 423
147 370
833 663
137 392
434 466
655 970
556 893
299 492
925 80
850 263
267 650
687 586
890 578
622 117
839 742
901 104
868 157
905 109
564 182
947 806
460 415
246 392
1000 700
415 917
313 651
523 776
31 709
692 129
70 885
515 283
109 785
353 295
688 984
196 939
539 143
102 22
796 790
710 180
631 133
783 520
645 535
888 650
136 2
525 193
766 623
841 308
442 936
426 946
745 656
338 230
106 858
748 285
22 52
81 520
723 169
338 121
784 99
481 697
490 223
399 571
715 906
20 844
63 905
139 86
932 665
578 869
944 71
530 896
457 712
366 945
85 644
951 622
488 210
696 599
256 200
963 67
986 480
200 437
96 614
565 940
642 679
152 679
725 566
893 480
218 168
881 472
627 268
830 403
744 80
86 99
246 106
860 670
665 920
522 819
373 765
134 565
639 758
30 618
878 366
378 914
901 221
777 455
731 536
914 88
933 204
645 216
60 360
153 698
652 676
99 935
363 217
206 969
347 123
614 786
830 815
688 964
434 4
952 953
75 826
519 805
424 242
430 40
641 959
821 729
273 275
610 28
370 793
829 254
248 325
876 319
35 361
734 165
537 751
370 872
227 933
639 104
921 249
227 818
763 836
606 754
111 688
3 485
230 723
599 607
140 826
41 715
319 276
157 473
249 552
814 333
290 250
254 827
182 52
702 562
149 181
436 792
858 489
362 664
436 647
163 598
111 116
630 908
811 866
519 173
100 507
408 719
988 666
388 832
7 947
52 245
600 35
369 95
21 574
498 829
564 540
355 924
636 507
657 666
512 163
968 549
610 666
669 19
321 141
912 872
30 567
87 418
937 459
97 678
132 99
14 661
708 702
30 582
514 839
256 655
739 192
8 32
683 390
623 562
915 365
147 727
984 136
565 501
456 993
870 660
691 3
344 150
640 835
143 944
610 177
279 176
529 61
813 316
201 924
844 626
850 582
979 237
299 468
763 514
735 737
568 532
75 516
349 445
166 676
672 562
175 609
323 560
328 360
310 264
576 414
281 54
727 697
159 61
392 788
48 617
963 765
695 594
34 313
953 597
491 754
99 773
516 784
441 154
79 392
245 944
552 580
76 386
573 818
778 138
745 53
428 263
376 560
160 621
640 167
548 528
574 528
24 140
333 446
794 944
744 379
462 546
891 508
763 690
342 436
971 516
642 764
95 644
209 257
621 700
768 138
354 497
837 784
731 309
90 439
436 223
904 297
246 306
123 37
844 67
717 971
830 58
282 628
856 657
303 158
640 658
326 277
398 134
882 669
929 868
812 880
781 511
31 736
383 221
540 106
243 922
743 557
448 50
430 390
947 24
948 455
661 998
960 355
374 291
726 692
774 396
516 146
922 841
466 317
578 5
757 147
889 11
852 121
785 320
897 654
475 422
754 871
349 385
672 606
966 272
36 221
413 902
37 612
844 884
524 122
118 625
653 346
395 54
34 490
823 46
997 342
612 771
116 82
858 655
451 239
681 930
388 385
974 217
595 164
867 907
462 493
284 917
698 167
592 622
664 875
355 536
462 284
85 751
923 693
717 474
307 714
327 759
561 903
86 890
289 196
18 506
531 771
14 764
173 715
360 239
379 93
416 193
903 243
368 714
167 172
114 603
670 285
195 185
237 40
534 828
60 615
132 148
260 97
184 395
104 355
444 770
143 308
344 385
880 339
540 991
482 19
448 495
340 181
195 874
696 325
98 99
207 391
446 569
433 462
72 666
948 475
207 308
305 788
641 850
370 773
112 282
828 160
631 685
690 129
585 941
932 198
810 742
280 613
266 536
323 585
669 108
141 328
40 357
900 523
461 747
443 96
192 416
358 125
343 651
219 921
113 753
793 986
121 495
638 132
343 376
736 156
20 845
681 525
77 428
974 138
758 621
194 712
90 521
850 790
42 916
719 882
163 812
591 308
993 525
374 278
531 537
402 671
683 306
578 516
600 776
711 736
608 275
576 187
647 292
775 371
507 447
952 288
309 237
848 401
212 984
717 177
498 873
199 195
290 637
807 896
331 397
80 329
52 935
753 118
721 102
613 706
299 518
65 453
69 501
621 200
493 597
296 175
313 791
255 134
740 569
875 960
989 786
821 728
865 344
176 547
486 960
16 60
453 25
51 638
499 375
512 252
64 467
641 600
597 759
899 256
962 916
634 361
763 839
286 458
914 831
828 740
922 210
637 647
250 737
384 205
701 630
443 362
586 982
594 77
517 832
30 233
350 465
401 799
555 442
438 338
441 661
600 885
803 312
253 337
20 54
189 713
484 27
713 523
129 970
702 409
299 422
971 488
223 271
904 447
171 224
890 520
797 44
356 172
789 568
360 851
523 484
268 909
125 746
972 101
740 409
65 135
180 809
221 540
458 382
244 675
597 225
908 588
854 240
468 939
808 456
534 28
153 661
762 674
544 66
763 182
340 237
801 597
951 991
311 444
38 348
316 86
559 138
248 388
635 368
532 469
981 356
984 56
217 399
787 535
37 156
690 600
188 24
706 733
680 928
421 654
727 549
196 642
434 779
509 325
74 226
240 710
560 677
801 913
130 163
593 644
421 992
951 779
249 745
267 454
340 528
755 691
992 79
380 662
884 981
45 69
604 397
470 562
806 952
642 185
366 899
119 729
120 233
544 25
440 752
457 566
432 884
419 590
702 603
719 731
160 622
87 29
660 171
589 251
494 1
993 678
759 527
708 223
488 442
803 677
553 794
350 576
151 657
940 506
651 873
601 518
484 910
748 691
128 162
363 727
275 109
872 111
63 791
29 166
674 829
837 799
806 294
184 49
423 469
531 13
353 633
80 273
839 443
880 296
950 880
240 215
974 90
9 868
691 320
213 140
445 489
412 662
568 356
958 512
398 987
416 576
571 756
628 963
468 81
832 216
818 935
140 191
869 817
685 405
205 29
214 919
196 742
322 937
16 4
274 964
336 993
634 231
853 528
748 330
362 29
733 58
438 222
974 828
230 730
781 200
345 858
743 65
141 517
235 438
556 420
314 75
97 329
100 466
50 577
254 225
111 856
500 673
334 611
380 847
661 16
556 202
349 580
372 411
559 945
973 24
73 514
845 228
665 326
208 247
157 162
90 199
401 624
129 897
183 815
816 837
845 104
103 827
237 773
788 235
845 454
385 680
651 661
575 981
207 834
144 700
587 736
521 242
482 462
869 674
393 327
23 189
968 717
312 881
830 215
504 729
122 136
900 33
23 306
533 725
156 977
361 833
316 175
500 444
482 131
688 986
966 177
601 141
368 230
832 181
193 461
586 364
37 340
925 805
748 392
515 57
348 798
700 107
168 172
940 570
639 118
782 474
37 438
278 928
376 62
448 987
289 601
107 318
373 345
272 265
573 437
486 150
470 523
822 348
399 517
715 908
936 975
751 479
491 701
609 498
684 484
854 988
376 907
306 842
492 885
497 905
816 3
444 988
656 732
803 287
987 42
953 366
111 82
189 676
991 913
917 314
582 157
626 825
730 58
43 35
81 500
707 72
981 553
507 446
401 493
114 116
117 819
996 106
998 712
378 449
233 578
470 401
420 686
721 309
192 576
905 62
711 406
324 830
915 117
518 323
630 610
599 369
881 81
165 207
791 655
95 650
501 295
256 852
596 404
479 368
317 117
891 848
126 767
986 580
182 829
199 881
516 53
903 887
481 372
191 797
41 381
40 149
45 668
780 337
819 397
469 524
268 615
37 328
809 231
495 524
129 34
353 35
304 489
302 100
748 492
253 970
441 496
455 958
573 247
480 170
690 296
745 626
176 691
927 288
657 324
98 905
935 627
334 420
154 214
266 908
837 51
306 445
92 110
229 369
703 319
352 195
888 501
63 575
873 359
728 670
382 483
898 328
478 798
352 178
101 345
840 199
694 230
614 9
634 955
945 828
822 90
681 761
355 595
855 390
214 266
21 101
185 240
800 531
873 163
512 391
399 221
973 200
998 613
489 571
181 917
460 108
467 824
857 448
108 702
180 83
200 689
790 924
5 104
354 346
544 758
13 589
568 252
90 320
739 885
596 714
78 801
136 104
744 989
926 413
32 73
643 635
181 728
536 969
353 387
351 136
959 969
28 189
138 685
94 110
786 113
491 509
588 933
888 887
61 35
961 253
749 374
187 629
904 843
373 98
729 250
13 17
588 651
663 187
222 153
904 730
335 474
122 277
278 14
566 114
103 31
75 518
961 569
490 115
221 225
650 955
836 962
943 622
140 841
269 555
272 337
738 444
727 552
103 338
208 210
140 292
207 314
884 69
633 451
615 247
197 277
732 49
471 95
163 790
37 817
811 930
486 440
590 2
24 31
557 203
480 609
744 494
409 555
894 660
336 96
156 411
722 266
751 90
203 864
885 992
744 140
483 352
618 749
983 439
198 661
865 904
868 21
851 801
837 798
164 668
401 326
351 462
706 203
496 211
630 426
960 578
647 930
544 385
339 639
321 24
564 76
855 607
37 269
61 982
523 737
984 247
359 721
420 811
706 580
866 231
328 496
136 354
815 162
808 308
204 593
767 266
997 277
24 882
444 151
942 402
24 993
776 432
814 200
124 786
452 777
913 777
328 311
75 546
889 250
942 108
637 620
579 292
133 105
73 453
366 578
2 987
921 183
724 812
819 528
624 456
756 253
548 193
769 148
307 910
239 150
258 659
315 366
387 813
982 863
216 965
196 187
452 205
915 559
384 37
58 196
353 395
371 951
339 154
674 410
492 277
243 534
989 531
702 628
189 671
737 24
449 754
67 63
621 636
232 13
622 286
453 967
534 976
885 964
389 111
414 301
364 649
347 509
60 754
48 574
806 323
832 873
870 358
76 100
459 116
612 54
117 624
579 839
946 638
692 110
307 136
894 844
497 266
543 817
886 923
531 153
808 498
806 45
475 356
925 657
718 900
117 259
706 352
788 716
841 479
235 952
403 1000
425 864
389 709
344 848
729 698
805 205
273 308
443 900
491 539
723 809
105 653
784 983
892 936
571 497
888 363
7 285
173 53
837 94
396 276
415 8
71 666
292 837
173 70
714 590
220 487
112 728
115 203
617 653
101 292
391 928
452 146
825 431
628 11
426 501
443 433
963 294
747 399
16 906
609 354
16 534
63 841
889 722
410 733
472 762
34 65
773 442
404 435
111 899
815 851
472 617
626 822
702 483
851 763
726 485
971 462
648 571
77 895
116 667
427 272
530 579
582 904
967 922
695 683
330 557
119 117
726 199
610 612
458 457
648 793
612 42
133 223
984 855
122 826
684 403
320 361
746 139
963 529
1 962
271 502
481 282
657 255
910 219
648 454
879 916
277 599
667 83
653 988
37 375
519 951
900 715
630 94
597 783
14 601
54 538
532 926
75 541
538 351
50 853
169 493
45 974
796 650
690 389
193 891
214 847
343 681
309 617
515 306
537 270
757 363
297 709
799 138
927 65
784 209
346 494
665 114
758 591
872 554
708 432
46 699
563 591
548 281
54 70
201 434
741 264
870 484
11 177
469 610
509 852
981 587
993 559
314 494
46 917
485 219
582 699
142 596
458 809
370 13
388 956
262 925
656 584
199 498
219 464
898 653
169 555
901 378
100 117
488 495
198 686
513 866
674 94
441 831
267 540
924 828
281 806
241 26
21 940
308 192
449 117
640 282
164 712
277 951
422 128
322 364
621 392
344 460
808 571
660 580
866 337
577 226
705 981
1000 759
764 368
727 40
877 175
221 651
670 644
140 439
606 262
601 515
331 734
957 104
226 210
49 619
711 573
568 313
680 787
684 843
757 779
39 892
867 327
260 639
1000 804
69 265
508 831
399 952
182 568
975 245
102 323
965 975
639 184
491 824
314 851
723 245
390 740
339 252
748 352
789 482
383 719
637 933
125 260
861 432
521 941
738 445
93 120
228 531
335 793
525 377
997 333
132 857
889 936
968 57
471 170
823 997
332 896
793 178
99 919
885 604
31 278
807 433
600 851
180 355
54 332
738 993
996 205
264 670
708 217
335 138
790 28
368 594
60 888
632 467
337 841
178 719
621 697
769 740
38 803
840 488
481 902
544 676
928 323
531 926
793 979
170 10
762 608
806 183
77 617
575 510
312 939
894 192
506 21
376 272
436 504
296 331
577 206
830 136
812 883
273 778
526 129
857 110
70 781
238 567
791 807
459 774
341 5
486 733
433 423
499 610
210 531
190 517
749 746
478 242
221 433
539 84
737 190
800 440
608 625
528 768
775 529
207 115
841 237
568 563
680 45
864 346
444 773
165 683
719 212
922 118
318 855
118 345
429 102
983 579
654 545
951 481
555 824
908 404
125 296
487 641
951 22
384 280
79 262
594 241
279 661
570 262
914 916
633 130
774 388
319 633
489 438
772 877
457 720
168 669
850 937
134 118
620 707
90 850
411 290
254 961
906 102
472 654
345 384
153 771
422 268
280 277
17 934
129 560
792 240
167 216
793 208
225 943
870 851
721 207
958 140
337 710
411 859
237 415
322 178
344 53
695 759
557 754
341 7
530 997
548 971
94 321
655 394
490 978
735 216
259 445
136 432
502 85
801 418
485 905
628 771
173 624
729 128
141 18
930 889
880 52
457 453
204 574
210 759
22 238
395 792
803 277
436 882
538 376
5 773
429 57
31 773
657 350
361 953
383 310
458 782
472 609
423 631
945 219
325 393
589 748
646 637
675 415
954 202
177 575
25 246
154 914
930 655
489 1
399 436
392 702
525 530
984 844
592 732
111 92
683 311
295 165
560 58
470 181
436 973
474 56
573 1000
940 301
418 451
812 759
178 663
410 911
498 142
95 878
170 51
892 799
764 803
489 895
40 603
321 399
386 635
613 894
661 712
97 527
919 436
762 779
598 125
699 527
910 41
531 293
326 483
240 96
705 234
779 815
430 445
417 994
415 683
441 790
300 601
407 983
780 339
280 618
914 527
123 554
70 119
166 602
841 212
282 440
681 291
176 693
603 894
287 131
969 120
165 611
266 906
196 335
324 132
733 96
382 406
310 467
791 384
371 163
484 450
233 198
922 111
582 231
583 996
940 386
116 149
90 1000
743 245
589 498
736 42
628 104
685 927
357 62
656 683
508 190
950 13
733 947
534 159
833 817
708 87
655 616
108 779
548 504
716 586
974 310
564 566
530 642
606 823
125 788
53 55
265 31
428 573
546 120
251 994
87 344
180 430
738 471
845 396
985 313
380 309
627 748
458 450
80 296
317 437
589 645
584 616
126 831
861 416
649 172
319 616
409 932
416 857
610 875
94 168
321 90
869 986
784 596
397 95
692 127
438 693
809 730
683 522
675 385
960 437
766 969
947 177
162 843
108 147
736 684
993 307
169 273
541 537
193 395
451 699
926 936
654 475
255 271
19 864
520 923
461 735
154 185
173 235
488 707
838 231
576 402
775 722
524 82
638 368
749 841
73 440
805 631
756 155
921 74
984 998
876 588
716 825
36 411
333 199
909 544
998 251
675 36
931 142
846 480
92 146
564 756
181 623
438 317
225 672
106 466
779 211
910 907
720 361
403 199
734 862
720 248
316 723
893 307
87 380
843 706
954 681
973 379
464 341
44 906
488 347
916 749
518 361
186 910
80 133
984 24
962 571
855 1000
967 242
470 334
756 787
960 580
838 613
411 925
956 752
855 295
938 790
594 501
691 504
865 443
630 229
170 591
559 171
209 995
230 727
707 814
947 141
135 608
479 592
219 659
912 50
554 523
875 957
657 258
329 290
897 819
384 362
718 405
461 852
372 81
679 518
46 278
767 840
591 416
96 19
499 78
337 351
818 486
747 276
90 561
505 68
186 12
224 951
116 205
564 857
980 630
803 407
533 226
220 291
29 983
355 540
358 657
896 130
915 926
964 278
864 886
370 195
748 107
405 960
566 230
52 395
824 484
132 483
974 366
209 208
800 605
375 231
180 503
143 237
872 63
30 337
997 143
592 942
222 838
873 923
674 860
588 186
964 344
464 704
318 191
502 904
900 685
77 524
787 321
647 896
504 732
393 469
855 637
868 504
635 479
700 88
231 424
883 969
574 174
9 534
818 868
213 798
192 163
880 53
258 239
666 656
10 860
83 382
725 179
175 342
752 696
400 36
737 781
919 87
558 781
128 610
875 123
865 161
573 208
575 855
293 766
118 695
585 802
767 16
896 691
594 944
466 63
968 261
586 220
664 574
392 833
818 315
991 852
339 405
710 644
23 695
450 493
362 673
346 298
628 132
116 848
339 161
376 535
533 119
459 470
420 345
452 449
826 453
936 845
125 363
194 59
437 471
843 650
695 677
274 131
378 319
596 661
307 889
218 292
809 671
187 799
521 19
26 659
618 965
160 85
786 249
532 501
9 848
912 559
549 854
61 28
572 843
731 908
169 427
468 113
841 505
456 601
574 469
813 515
886 91
348 192
193 430
14 113
840 703
982 622
179 879
396 660
933 442
40 39
921 418
649 627
946 55
175 475
343 581
733 349
23 568
121 173
348 108
3 347
334 427
617 589
126 9
326 575
955 45
334 474
780 144
28 941
44 437
813 88
581 985
675 11
936 275
292 601
70 987
775 28
145 109
211 619
929 404
627 179
426 358
63 879
29 779
910 940
217 539
571 95
717 414
648 763
721 987
205 202
742 819
357 287
472 583
254 617
994 980
595 559
690 678
607 311
294 116
603 72
418 484
618 519
30 681
330 591
811 404
616 124
617 453
98 74
126 941
587 685
290 925
183 749
39 314
671 382
27 338
501 407
194 289
130 601
113 183
5 375
977 590
246 501
193 255
673 309
359 686
269 130
914 185
18 898
130 712
848 957
977 735
118 51
853 452
175 40
715 47
697 552
863 255
226 208
669 594
451 813
625 318
59 432
187 743
870 536
647 217
344 778
40 3
244 867
409 210
446 526
50 196
607 408
701 835
775 700
44 458
809 119
121 329
717 7
254 495
370 536
713 30
418 866
366 532
438 97
996 651
867 773
907 170
391 85
656 490
396 685
665 76
993 879
488 881
489 472
272 626
275 693
777 539
957 893
559 921
379 505
128 81
643 891
738 780
885 715
689 336
910 904
43 219
219 385
773 496
276 184
116 575
901 238
217 736
808 989
492 606
988 635
169 517
88 627
867 406
532 216
627 346
595 637
539 716
497 1
268 990
512 132
252 301
968 868
699 726
27 385
998 870
353 39
701 449
204 799
631 128
635 69
161 47
108 323
145 207
808 537
695 947
459 939
960 756
544 499
964 944
587 439
203 430
41 31
758 444
886 225
338 587
304 711
82 526
700 381
467 868
194 244
340 124
503 98
382 787
745 659
306 368
568 582
607 367
274 945
538 354
175 403
253 911
895 32
861 240
847 397
572 123
944 740
619 34
654 551
88 410
567 770
415 17
558 67
617 517
344 691
758 874
419 163
516 723
124 610
401 953
642 153
720 665
537 117
756 111
786 799
777 678
922 441
980 631
495 106
172 191
841 696
827 381
242 951
464 133
7 783
102 651
267 930
478 760
845 113
620 868
43 59
929 190
548 640
320 1
440 93
259 995
995 429
757 418
412 131
582 931
802 582
493 40
591 659
761 872
428 661
912 806
913 499
824 178
398 69
554 487
256 558
981 996
820 38
455 509
821 588
351 188
192 731
925 765
764 331
503 273
105 834
550 202
109 890
240 247
299 942
356 725
674 686
605 762
456 943
882 525
784 669
838 352
37 207
596 338
781 192
641 853
14 721
455 577
369 640
374 691
784 955
417 806
791 152
336 818
922 985
222 683
214 951
363 223
184 986
350 335
22 462
906 629
853 560
206 138
249 831
393 427
447 676
50 910
362 908
605 64
788 736
475 167
599 550
339 404
430 573
453 612
591 130
370 258
388 677
595 839
478 969
102 853
713 304
162 22
534 294
774 241
427 998
281 289
416 405
807 379
935 262
811 892
793 281
854 690
195 467
531 653
470 203
682 995
223 385
747 831
481 851
778 417
321 877
234 809
143 113
290 519
113 936
186 980
406 909
191 325
692 478
390 59
843 794
743 865
682 148
521 18
320 509
655 123
839 494
181 704
114 677
136 479
691 271
565 362
417 713
198 269
472 468
683 915
23 338
616 334
299 906
729 113
782 997
198 156
643 289
990 904
403 920
79 683
253 740
179 133
821 690
151 127
444 235
522 266
582 613
518 781
278 102
819 318
982 990
162 519
733 348
858 959
892 975
461 650
903 311
727 659
214 834
380 574
931 950
126 14
110 659
236 954
58 310
77 506
757 360
906 760
68 131
474 678
24 361
813 87
599 714
768 888
72 85
237 645
367 6
99 892
280 2
115 375
923 808
214 415
430 712
348 465
557 227
704 697
159 411
676 567
324 652
42 663
877 402
834 667
800 535
599 921
