835
4 8
824 455
794 789
781 535
119 528
282 55
539 139
474 708
263 451
239 32
316 353
144 330
71 437
152 304
36 81
220 548
291 169
114 90
810 180
332 328
134 415
637 646
184 798
91 499
534 427
630 159
304 590
371 85
717 578
208 283
580 564
27 18
185 6
792 237
823 188
127 216
38 75
645 626
223 2
244 76
688 470
13 425
416 535
116 99
255 343
207 531
325 53
319 226
62 672
269 311
444 424
38 23
327 783
71 101
137 233
820 779
753 146
341 5
292 611
277 13
814 655
96 133
90 454
112 76
121 380
303 277
511 277
1 2
82 1
311 757
182 641
595 292
118 524
374 133
104 47
405 94
9 713
326 356
738 395
151 83
10 199
258 107
292 698
310 189
683 751
709 307
91 16
339 168
65 54
748 546
22 426
28 110
164 417
17 63
827 671
249 406
686 660
230 104
88 142
390 557
579 780
240 704
174 479
122 313
607 422
123 799
13 231
681 523
530 637
7 238
296 162
90 75
69 53
519 240
240 317
75 158
631 349
684 615
612 503
51 167
563 623
44 321
717 744
144 497
1 477
549 308
163 314
234 183
29 592
367 166
287 132
113 819
252 462
800 419
30 40
207 670
12 97
297 807
776 611
160 307
422 300
768 628
11 187
94 23
487 828
15 13
493 525
88 19
737 478
69 375
765 93
347 463
523 378
39 228
431 344
19 215
787 352
452 82
40 85
137 217
7 49
151 811
36 359
212 256
444 683
119 731
62 5
690 45
227 474
526 729
317 382
256 347
633 46
386 556
449 304
150 148
210 514
234 242
16 593
97 118
563 180
68 46
525 596
383 97
559 243
62 99
326 357
772 604
11 4
133 408
148 168
147 44
213 174
463 583
447 601
82 192
483 808
667 199
184 145
169 276
50 202
122 567
162 414
241 478
5 4
151 186
275 190
757 784
192 193
162 159
138 48
37 77
516 449
718 383
101 297
20 338
669 587
33 175
263 625
691 549
7 9
263 68
46 177
87 254
488 56
59 377
835 802
347 589
129 174
378 732
285 79
389 315
470 58
154 161
3 6
133 148
214 91
18 121
474 712
3 262
117 93
412 217
771 688
261 832
54 35
111 89
346 184
702 504
664 607
31 198
10 195
659 617
275 650
724 789
4 10
656 351
265 111
129 52
655 650
660 408
365 510
203 598
588 456
207 4
149 411
33 663
790 233
549 573
453 263
89 71
529 294
294 410
456 54
644 457
41 5
679 409
103 14
3 64
615 438
136 111
350 343
382 703
152 427
132 182
83 289
468 299
604 582
103 649
87 124
294 229
653 745
4 176
270 30
356 487
112 335
652 259
155 31
358 236
80 779
498 178
591 563
24 3
125 144
185 269
76 322
19 299
399 2
67 260
51 247
602 464
272 247
318 136
165 24
28 15
103 273
514 572
121 756
430 111
43 10
711 190
53 146
450 379
234 648
30 7
117 130
305 302
404 736
18 80
715 285
320 365
286 88
446 211
108 726
268 505
36 50
362 11
256 618
284 50
212 3
227 76
100 126
397 401
20 17
21 3
169 36
267 279
79 41
56 438
62 267
337 481
14 714
249 80
3 156
51 181
261 168
67 764
27 29
38 84
41 407
469 219
96 706
149 661
429 221
269 518
283 352
584 374
26 39
14 12
735 405
196 20
168 326
412 693
12 23
283 312
206 81
534 710
676 207
420 105
48 700
1 12
372 439
45 125
13 32
445 350
10 18
626 705
502 480
707 344
43 378
612 795
546 339
513 336
831 406
103 394
324 267
796 278
414 540
390 261
99 400
139 761
79 788
127 107
501 468
194 53
145 66
59 44
280 183
551 158
302 542
149 320
135 22
442 123
219 274
395 78
624 243
60 35
711 797
471 38
37 8
459 486
722 727
204 404
402 267
778 599
32 464
441 299
84 252
42 26
4 550
354 114
229 155
345 418
12 76
281 192
72 83
232 15
359 397
393 333
4 351
639 164
27 628
508 331
785 475
86 14
159 329
189 53
385 739
3 302
81 180
688 775
809 575
214 662
89 384
131 111
88 696
85 512
301 186
344 240
5 166
504 327
163 33
129 160
217 833
547 260
728 612
135 295
447 52
50 170
619 75
228 500
689 197
162 671
355 153
7 3
191 180
26 361
33 205
39 120
18 33
413 364
32 210
452 653
67 5
259 366
574 414
459 5
412 416
220 609
54 72
251 634
37 48
33 328
378 680
560 392
33 66
59 360
44 218
141 88
73 64
28 74
184 421
188 224
70 9
140 250
416 544
220 345
228 391
157 86
77 95
223 493
68 123
673 457
367 455
465 1
357 392
139 55
386 185
106 473
272 288
419 319
594 353
682 113
180 376
457 196
834 362
197 6
164 153
472 55
54 71
440 36
116 503
782 81
247 293
184 331
528 647
84 128
538 192
51 509
816 407
225 32
198 240
48 754
296 742
35 793
13 201
758 511
668 134
626 483
608 514
565 16
110 200
212 475
409 9
298 520
245 14
35 16
222 490
741 688
31 555
526 34
487 566
151 278
586 440
156 636
57 19
342 638
316 280
459 494
685 578
48 435
255 195
613 199
434 413
614 113
817 754
721 334
640 62
209 42
369 364
629 214
203 109
199 541
786 307
108 10
575 534
347 743
161 829
34 578
191 342
600 564
701 233
610 36
23 803
821 57
406 532
632 80
397 564
24 100
22 9
152 67
677 484
118 363
651 558
340 70
137 67
338 760
22 55
496 190
585 175
752 416
218 222
259 251
88 443
123 491
419 543
370 197
334 138
342 381
773 415
5 178
762 40
243 198
767 592
722 585
490 530
770 37
476 694
52 48
308 115
24 171
635 346
9 25
154 253
474 599
473 622
492 432
252 336
642 228
763 6
8 47
802 647
368 47
156 179
226 173
654 329
365 485
539 805
623 749
22 78
47 51
769 451
415 424
734 791
551 719
606 83
3 1
490 507
12 36
466 343
212 257
36 476
106 759
96 70
806 717
65 521
20 666
812 8
461 125
26 6
35 140
555 570
483 275
137 433
1 56
398 384
755 734
53 36
67 605
22 31
515 336
484 219
212 766
40 423
16 44
130 268
448 191
830 478
136 211
1 4
716 611
149 47
327 291
34 561
236 201
68 300
581 280
373 75
93 113
19 2
107 159
747 519
8 143
428 318
214 219
315 157
225 746
29 46
568 283
87 37
17 3
306 110
337 234
22 554
251 73
598 826
221 200
774 86
100 220
537 180
325 687
349 261
239 577
16 2
804 784
320 506
115 17
500 801
292 108
295 587
658 421
266 822
432 13
32 597
571 15
36 190
98 60
264 26
825 602
697 598
434 730
318 372
185 582
298 20
522 311
64 379
127 235
96 106
141 333
818 101
488 724
643 406
699 464
246 47
372 460
34 20
266 140
569 476
92 56
740 592
364 553
657 103
720 627
241 75
49 58
322 517
130 665
109 98
63 153
183 17
248 82
259 576
396 347
392 482
750 644
489 733
93 14
387 28
695 471
620 432
545 137
348 221
603 471
13 10
627 567
454 562
134 173
336 489
558 429
271 148
541 734
61 46
473 678
122 110
323 226
128 815
284 364
777 684
132 29
16 309
97 385
154 83
446 527
418 552
458 313
527 675
99 237
473 533
495 285
813 407
166 188
208 200
52 105
203 617
